Id,Id2,Geography,Total,Male,Myoung,Mmid,Mold,Female,Fyoung,Fmid,Fold,Young,Mid,Old
1500000US130890201001,130890201001,"Block Group 1, Census Tract 201, DeKalb County, Georgia",1908,992,257,423,84,916,219,402,44,476,825,128
1500000US130890202001,130890202001,"Block Group 1, Census Tract 202, DeKalb County, Georgia",901,438,88,137,81,463,103,205,94,191,342,175
1500000US130890202002,130890202002,"Block Group 2, Census Tract 202, DeKalb County, Georgia",1188,612,340,222,8,576,313,162,28,653,384,36
1500000US130890203001,130890203001,"Block Group 1, Census Tract 203, DeKalb County, Georgia",840,436,88,228,21,404,114,159,35,202,387,56
1500000US130890203002,130890203002,"Block Group 2, Census Tract 203, DeKalb County, Georgia",1049,571,205,176,29,478,222,106,13,427,282,42
1500000US130890203003,130890203003,"Block Group 3, Census Tract 203, DeKalb County, Georgia",1930,942,371,377,40,988,439,303,51,810,680,91
1500000US130890204001,130890204001,"Block Group 1, Census Tract 204, DeKalb County, Georgia",1684,823,194,319,44,861,445,265,33,639,584,77
1500000US130890204002,130890204002,"Block Group 2, Census Tract 204, DeKalb County, Georgia",901,397,128,161,6,504,203,154,46,331,315,52
1500000US130890205001,130890205001,"Block Group 1, Census Tract 205, DeKalb County, Georgia",1193,536,183,202,88,657,233,156,162,416,358,250
1500000US130890205002,130890205002,"Block Group 2, Census Tract 205, DeKalb County, Georgia",1722,867,306,299,118,855,309,351,93,615,650,211
1500000US130890206001,130890206001,"Block Group 1, Census Tract 206, DeKalb County, Georgia",616,248,190,10,34,368,172,44,46,362,54,80
1500000US130890206002,130890206002,"Block Group 2, Census Tract 206, DeKalb County, Georgia",1433,743,329,191,39,690,263,228,48,592,419,87
1500000US130890207001,130890207001,"Block Group 1, Census Tract 207, DeKalb County, Georgia",1717,886,445,209,59,831,265,333,84,710,542,143
1500000US130890207002,130890207002,"Block Group 2, Census Tract 207, DeKalb County, Georgia",528,239,106,68,30,289,136,67,58,242,135,88
1500000US130890208011,130890208011,"Block Group 1, Census Tract 208.01, DeKalb County, Georgia",1041,624,218,200,76,417,175,124,70,393,324,146
1500000US130890208012,130890208012,"Block Group 2, Census Tract 208.01, DeKalb County, Georgia",1559,821,245,272,123,738,227,283,152,472,555,275
1500000US130890208021,130890208021,"Block Group 1, Census Tract 208.02, DeKalb County, Georgia",713,334,99,103,40,379,94,154,54,193,257,94
1500000US130890208022,130890208022,"Block Group 2, Census Tract 208.02, DeKalb County, Georgia",1720,763,256,218,53,957,376,165,151,632,383,204
1500000US130890208023,130890208023,"Block Group 3, Census Tract 208.02, DeKalb County, Georgia",951,396,145,96,19,555,201,138,70,346,234,89
1500000US130890208024,130890208024,"Block Group 4, Census Tract 208.02, DeKalb County, Georgia",873,335,90,145,49,538,128,339,13,218,484,62
1500000US130890209001,130890209001,"Block Group 1, Census Tract 209, DeKalb County, Georgia",1525,683,298,179,112,842,253,320,184,551,499,296
1500000US130890209002,130890209002,"Block Group 2, Census Tract 209, DeKalb County, Georgia",1235,738,202,292,170,497,155,158,62,357,450,232
1500000US130890209003,130890209003,"Block Group 3, Census Tract 209, DeKalb County, Georgia",1776,918,390,228,86,858,419,269,54,809,497,140
1500000US130890209004,130890209004,"Block Group 4, Census Tract 209, DeKalb County, Georgia",1164,634,240,171,120,530,79,266,38,319,437,158
1500000US130890211011,130890211011,"Block Group 1, Census Tract 211.01, DeKalb County, Georgia",3784,1908,392,768,217,1876,391,740,327,783,1508,544
1500000US130890211021,130890211021,"Block Group 1, Census Tract 211.02, DeKalb County, Georgia",209,105,93,12,0,104,92,12,0,185,24,0
1500000US130890211022,130890211022,"Block Group 2, Census Tract 211.02, DeKalb County, Georgia",1757,813,164,376,58,944,323,349,120,487,725,178
1500000US130890211023,130890211023,"Block Group 3, Census Tract 211.02, DeKalb County, Georgia",1142,520,441,61,0,622,437,148,20,878,209,20
1500000US130890211024,130890211024,"Block Group 4, Census Tract 211.02, DeKalb County, Georgia",2203,790,256,312,140,1413,722,385,228,978,697,368
1500000US130890212021,130890212021,"Block Group 1, Census Tract 212.02, DeKalb County, Georgia",3004,1504,493,449,284,1500,621,460,227,1114,909,511
1500000US130890212022,130890212022,"Block Group 2, Census Tract 212.02, DeKalb County, Georgia",1914,1007,132,427,112,907,259,273,135,391,700,247
1500000US130890212023,130890212023,"Block Group 3, Census Tract 212.02, DeKalb County, Georgia",2386,1218,368,350,142,1168,294,368,236,662,718,378
1500000US130890212041,130890212041,"Block Group 1, Census Tract 212.04, DeKalb County, Georgia",1253,676,412,124,0,577,255,60,0,667,184,0
1500000US130890212042,130890212042,"Block Group 2, Census Tract 212.04, DeKalb County, Georgia",1763,1216,739,258,0,547,178,117,0,917,375,0
1500000US130890212043,130890212043,"Block Group 3, Census Tract 212.04, DeKalb County, Georgia",989,633,295,165,0,356,126,78,56,421,243,56
1500000US130890212081,130890212081,"Block Group 1, Census Tract 212.08, DeKalb County, Georgia",2432,1489,566,548,55,943,469,207,86,1035,755,141
1500000US130890212082,130890212082,"Block Group 2, Census Tract 212.08, DeKalb County, Georgia",1600,823,295,296,61,777,228,278,136,523,574,197
1500000US130890212091,130890212091,"Block Group 1, Census Tract 212.09, DeKalb County, Georgia",1167,742,496,169,34,425,217,122,27,713,291,61
1500000US130890212092,130890212092,"Block Group 2, Census Tract 212.09, DeKalb County, Georgia",1516,544,158,254,98,972,489,215,132,647,469,230
1500000US130890212093,130890212093,"Block Group 3, Census Tract 212.09, DeKalb County, Georgia",2041,846,258,172,312,1195,254,254,546,512,426,858
1500000US130890212094,130890212094,"Block Group 4, Census Tract 212.09, DeKalb County, Georgia",1173,530,177,163,74,643,250,106,99,427,269,173
1500000US130890212101,130890212101,"Block Group 1, Census Tract 212.10, DeKalb County, Georgia",1813,938,139,395,137,875,179,262,167,318,657,304
1500000US130890212102,130890212102,"Block Group 2, Census Tract 212.10, DeKalb County, Georgia",1207,555,68,210,149,652,150,302,136,218,512,285
1500000US130890212103,130890212103,"Block Group 3, Census Tract 212.10, DeKalb County, Georgia",2498,1224,127,510,206,1274,145,538,223,272,1048,429
1500000US130890212111,130890212111,"Block Group 1, Census Tract 212.11, DeKalb County, Georgia",1323,611,38,156,315,712,79,221,276,117,377,591
1500000US130890212112,130890212112,"Block Group 2, Census Tract 212.11, DeKalb County, Georgia",2110,1092,206,415,103,1018,229,458,150,435,873,253
1500000US130890212113,130890212113,"Block Group 3, Census Tract 212.11, DeKalb County, Georgia",1349,565,121,278,107,784,109,264,169,230,542,276
1500000US130890212131,130890212131,"Block Group 1, Census Tract 212.13, DeKalb County, Georgia",1076,495,75,174,141,581,76,184,139,151,358,280
1500000US130890212132,130890212132,"Block Group 2, Census Tract 212.13, DeKalb County, Georgia",2379,1138,139,448,221,1241,118,459,179,257,907,400
1500000US130890212141,130890212141,"Block Group 1, Census Tract 212.14, DeKalb County, Georgia",1801,1004,204,372,163,797,44,442,182,248,814,345
1500000US130890212142,130890212142,"Block Group 2, Census Tract 212.14, DeKalb County, Georgia",3002,1437,275,482,234,1565,274,574,300,549,1056,534
1500000US130890212143,130890212143,"Block Group 3, Census Tract 212.14, DeKalb County, Georgia",1529,825,183,181,110,704,135,212,118,318,393,228
1500000US130890212151,130890212151,"Block Group 1, Census Tract 212.15, DeKalb County, Georgia",3401,1716,776,508,188,1685,689,498,102,1465,1006,290
1500000US130890212152,130890212152,"Block Group 2, Census Tract 212.15, DeKalb County, Georgia",2544,1279,626,148,41,1265,769,85,41,1395,233,82
1500000US130890212161,130890212161,"Block Group 1, Census Tract 212.16, DeKalb County, Georgia",1876,947,154,278,51,929,269,153,49,423,431,100
1500000US130890212162,130890212162,"Block Group 2, Census Tract 212.16, DeKalb County, Georgia",3807,1936,984,573,119,1871,770,491,165,1754,1064,284
1500000US130890212163,130890212163,"Block Group 3, Census Tract 212.16, DeKalb County, Georgia",2857,1445,811,378,76,1412,1026,196,165,1837,574,241
1500000US130890212171,130890212171,"Block Group 1, Census Tract 212.17, DeKalb County, Georgia",2466,1201,318,326,157,1265,486,392,160,804,718,317
1500000US130890212181,130890212181,"Block Group 1, Census Tract 212.18, DeKalb County, Georgia",1266,580,407,44,22,686,481,101,37,888,145,59
1500000US130890212182,130890212182,"Block Group 2, Census Tract 212.18, DeKalb County, Georgia",2239,962,378,373,100,1277,573,446,136,951,819,236
1500000US130890212183,130890212183,"Block Group 3, Census Tract 212.18, DeKalb County, Georgia",1319,519,160,253,39,800,163,309,268,323,562,307
1500000US130890213011,130890213011,"Block Group 1, Census Tract 213.01, DeKalb County, Georgia",1107,798,478,222,23,309,95,110,8,573,332,31
1500000US130890213012,130890213012,"Block Group 2, Census Tract 213.01, DeKalb County, Georgia",2898,1541,596,582,65,1357,584,445,66,1180,1027,131
1500000US130890213031,130890213031,"Block Group 1, Census Tract 213.03, DeKalb County, Georgia",3051,1532,511,531,107,1519,504,439,172,1015,970,279
1500000US130890213032,130890213032,"Block Group 2, Census Tract 213.03, DeKalb County, Georgia",1314,757,287,199,52,557,196,197,46,483,396,98
1500000US130890213033,130890213033,"Block Group 3, Census Tract 213.03, DeKalb County, Georgia",2131,1205,515,132,60,926,414,130,15,929,262,75
1500000US130890213051,130890213051,"Block Group 1, Census Tract 213.05, DeKalb County, Georgia",928,526,179,186,36,402,71,200,31,250,386,67
1500000US130890213052,130890213052,"Block Group 2, Census Tract 213.05, DeKalb County, Georgia",4256,2483,881,510,63,1773,581,527,53,1462,1037,116
1500000US130890213061,130890213061,"Block Group 1, Census Tract 213.06, DeKalb County, Georgia",2570,1421,519,385,41,1149,386,405,85,905,790,126
1500000US130890213062,130890213062,"Block Group 2, Census Tract 213.06, DeKalb County, Georgia",667,320,67,100,55,347,89,128,28,156,228,83
1500000US130890213063,130890213063,"Block Group 3, Census Tract 213.06, DeKalb County, Georgia",1885,913,417,329,10,972,304,265,9,721,594,19
1500000US130890213071,130890213071,"Block Group 1, Census Tract 213.07, DeKalb County, Georgia",1430,777,267,278,44,653,232,185,88,499,463,132
1500000US130890213072,130890213072,"Block Group 2, Census Tract 213.07, DeKalb County, Georgia",2946,1618,641,391,116,1328,516,367,115,1157,758,231
1500000US130890213081,130890213081,"Block Group 1, Census Tract 213.08, DeKalb County, Georgia",1648,889,358,284,85,759,220,282,126,578,566,211
1500000US130890213082,130890213082,"Block Group 2, Census Tract 213.08, DeKalb County, Georgia",525,270,79,131,9,255,58,108,58,137,239,67
1500000US130890213083,130890213083,"Block Group 3, Census Tract 213.08, DeKalb County, Georgia",1926,1099,544,311,44,827,359,141,81,903,452,125
1500000US130890214051,130890214051,"Block Group 1, Census Tract 214.05, DeKalb County, Georgia",1042,749,402,161,102,293,96,119,32,498,280,134
1500000US130890214052,130890214052,"Block Group 2, Census Tract 214.05, DeKalb County, Georgia",1850,1198,450,423,32,652,248,282,18,698,705,50
1500000US130890214053,130890214053,"Block Group 3, Census Tract 214.05, DeKalb County, Georgia",1367,538,172,229,0,829,387,261,26,559,490,26
1500000US130890214091,130890214091,"Block Group 1, Census Tract 214.09, DeKalb County, Georgia",2735,1625,855,298,14,1110,680,204,11,1535,502,25
1500000US130890214092,130890214092,"Block Group 2, Census Tract 214.09, DeKalb County, Georgia",975,523,249,78,10,452,154,152,20,403,230,30
1500000US130890214101,130890214101,"Block Group 1, Census Tract 214.10, DeKalb County, Georgia",1964,1077,327,329,83,887,372,249,71,699,578,154
1500000US130890214102,130890214102,"Block Group 2, Census Tract 214.10, DeKalb County, Georgia",1757,1160,695,197,0,597,280,53,0,975,250,0
1500000US130890214103,130890214103,"Block Group 3, Census Tract 214.10, DeKalb County, Georgia",1651,861,551,203,66,790,502,118,79,1053,321,145
1500000US130890214111,130890214111,"Block Group 1, Census Tract 214.11, DeKalb County, Georgia",1832,934,387,425,44,898,440,293,34,827,718,78
1500000US130890214112,130890214112,"Block Group 2, Census Tract 214.11, DeKalb County, Georgia",1718,804,403,307,32,914,522,239,27,925,546,59
1500000US130890214121,130890214121,"Block Group 1, Census Tract 214.12, DeKalb County, Georgia",1167,668,284,165,30,499,241,130,20,525,295,50
1500000US130890214122,130890214122,"Block Group 2, Census Tract 214.12, DeKalb County, Georgia",1480,673,289,220,26,807,273,254,31,562,474,57
1500000US130890214123,130890214123,"Block Group 3, Census Tract 214.12, DeKalb County, Georgia",1227,665,406,95,56,562,230,122,111,636,217,167
1500000US130890214131,130890214131,"Block Group 1, Census Tract 214.13, DeKalb County, Georgia",3030,1633,811,384,67,1397,492,247,65,1303,631,132
1500000US130890214132,130890214132,"Block Group 2, Census Tract 214.13, DeKalb County, Georgia",1451,863,256,219,23,588,237,46,0,493,265,23
1500000US130890214141,130890214141,"Block Group 1, Census Tract 214.14, DeKalb County, Georgia",3022,1769,1011,333,24,1253,517,255,105,1528,588,129
1500000US130890214142,130890214142,"Block Group 2, Census Tract 214.14, DeKalb County, Georgia",947,475,285,89,68,472,276,113,0,561,202,68
1500000US130890214151,130890214151,"Block Group 1, Census Tract 214.15, DeKalb County, Georgia",1103,502,191,230,17,601,346,125,68,537,355,85
1500000US130890214152,130890214152,"Block Group 2, Census Tract 214.15, DeKalb County, Georgia",1229,563,305,161,47,666,378,170,55,683,331,102
1500000US130890214153,130890214153,"Block Group 3, Census Tract 214.15, DeKalb County, Georgia",1846,1022,335,275,66,824,375,214,49,710,489,115
1500000US130890214161,130890214161,"Block Group 1, Census Tract 214.16, DeKalb County, Georgia",1978,880,424,213,6,1098,463,169,0,887,382,6
1500000US130890214162,130890214162,"Block Group 2, Census Tract 214.16, DeKalb County, Georgia",614,303,198,52,53,311,218,93,0,416,145,53
1500000US130890214171,130890214171,"Block Group 1, Census Tract 214.17, DeKalb County, Georgia",1117,354,215,103,36,763,598,106,31,813,209,67
1500000US130890214172,130890214172,"Block Group 2, Census Tract 214.17, DeKalb County, Georgia",1231,787,413,131,0,444,347,36,0,760,167,0
1500000US130890214173,130890214173,"Block Group 3, Census Tract 214.17, DeKalb County, Georgia",2793,1471,649,353,69,1322,372,338,13,1021,691,82
1500000US130890215021,130890215021,"Block Group 1, Census Tract 215.02, DeKalb County, Georgia",1298,540,322,157,50,758,448,237,48,770,394,98
1500000US130890215022,130890215022,"Block Group 2, Census Tract 215.02, DeKalb County, Georgia",1445,784,60,446,97,661,120,237,100,180,683,197
1500000US130890215023,130890215023,"Block Group 3, Census Tract 215.02, DeKalb County, Georgia",1839,1158,503,415,53,681,264,226,144,767,641,197
1500000US130890215031,130890215031,"Block Group 1, Census Tract 215.03, DeKalb County, Georgia",1478,726,264,217,122,752,382,152,63,646,369,185
1500000US130890215032,130890215032,"Block Group 2, Census Tract 215.03, DeKalb County, Georgia",1023,460,152,150,60,563,174,144,120,326,294,180
1500000US130890215033,130890215033,"Block Group 3, Census Tract 215.03, DeKalb County, Georgia",1741,883,397,249,0,858,366,207,14,763,456,14
1500000US130890215041,130890215041,"Block Group 1, Census Tract 215.04, DeKalb County, Georgia",1619,616,421,134,34,1003,639,95,73,1060,229,107
1500000US130890215042,130890215042,"Block Group 2, Census Tract 215.04, DeKalb County, Georgia",2104,907,288,320,258,1197,579,331,235,867,651,493
1500000US130890215043,130890215043,"Block Group 3, Census Tract 215.04, DeKalb County, Georgia",1333,619,228,263,111,714,320,150,244,548,413,355
1500000US130890216021,130890216021,"Block Group 1, Census Tract 216.02, DeKalb County, Georgia",1605,732,199,380,57,873,330,138,310,529,518,367
1500000US130890216022,130890216022,"Block Group 2, Census Tract 216.02, DeKalb County, Georgia",2399,1035,155,480,179,1364,304,507,266,459,987,445
1500000US130890216031,130890216031,"Block Group 1, Census Tract 216.03, DeKalb County, Georgia",1665,895,219,279,129,770,213,274,156,432,553,285
1500000US130890216032,130890216032,"Block Group 2, Census Tract 216.03, DeKalb County, Georgia",1653,683,406,206,50,970,472,221,163,878,427,213
1500000US130890216033,130890216033,"Block Group 3, Census Tract 216.03, DeKalb County, Georgia",1203,630,340,235,23,573,327,156,70,667,391,93
1500000US130890216041,130890216041,"Block Group 1, Census Tract 216.04, DeKalb County, Georgia",2046,903,125,427,135,1143,161,458,215,286,885,350
1500000US130890216042,130890216042,"Block Group 2, Census Tract 216.04, DeKalb County, Georgia",1091,519,78,222,92,572,77,193,164,155,415,256
1500000US130890216051,130890216051,"Block Group 1, Census Tract 216.05, DeKalb County, Georgia",1662,908,348,307,114,754,232,239,122,580,546,236
1500000US130890216052,130890216052,"Block Group 2, Census Tract 216.05, DeKalb County, Georgia",1035,388,101,136,102,647,139,213,108,240,349,210
1500000US130890216053,130890216053,"Block Group 3, Census Tract 216.05, DeKalb County, Georgia",2827,1577,859,357,29,1250,635,191,30,1494,548,59
1500000US130890217031,130890217031,"Block Group 1, Census Tract 217.03, DeKalb County, Georgia",2409,968,187,366,185,1441,212,629,357,399,995,542
1500000US130890217032,130890217032,"Block Group 2, Census Tract 217.03, DeKalb County, Georgia",2479,1211,150,495,242,1268,190,497,292,340,992,534
1500000US130890217041,130890217041,"Block Group 1, Census Tract 217.04, DeKalb County, Georgia",1577,762,212,241,106,815,258,283,96,470,524,202
1500000US130890217042,130890217042,"Block Group 2, Census Tract 217.04, DeKalb County, Georgia",1123,540,254,76,102,583,152,206,169,406,282,271
1500000US130890217043,130890217043,"Block Group 3, Census Tract 217.04, DeKalb County, Georgia",2877,1381,133,666,173,1496,230,636,248,363,1302,421
1500000US130890217051,130890217051,"Block Group 1, Census Tract 217.05, DeKalb County, Georgia",2152,764,306,193,62,1388,737,325,48,1043,518,110
1500000US130890217052,130890217052,"Block Group 2, Census Tract 217.05, DeKalb County, Georgia",1262,675,288,154,106,587,230,180,156,518,334,262
1500000US130890217053,130890217053,"Block Group 3, Census Tract 217.05, DeKalb County, Georgia",1317,740,512,105,40,577,377,108,46,889,213,86
1500000US130890217061,130890217061,"Block Group 1, Census Tract 217.06, DeKalb County, Georgia",787,389,61,185,83,398,63,115,104,124,300,187
1500000US130890217062,130890217062,"Block Group 2, Census Tract 217.06, DeKalb County, Georgia",2192,1212,569,406,23,980,619,233,33,1188,639,56
1500000US130890217063,130890217063,"Block Group 3, Census Tract 217.06, DeKalb County, Georgia",1072,522,19,239,90,550,96,297,62,115,536,152
1500000US130890217064,130890217064,"Block Group 4, Census Tract 217.06, DeKalb County, Georgia",1530,800,140,289,169,730,136,274,156,276,563,325
1500000US130890218051,130890218051,"Block Group 1, Census Tract 218.05, DeKalb County, Georgia",1864,884,206,321,88,980,173,501,182,379,822,270
1500000US130890218052,130890218052,"Block Group 2, Census Tract 218.05, DeKalb County, Georgia",1883,964,380,330,118,919,250,215,142,630,545,260
1500000US130890218053,130890218053,"Block Group 3, Census Tract 218.05, DeKalb County, Georgia",2665,1249,337,256,117,1416,530,340,133,867,596,250
1500000US130890218061,130890218061,"Block Group 1, Census Tract 218.06, DeKalb County, Georgia",2491,1330,374,290,95,1161,399,384,87,773,674,182
1500000US130890218062,130890218062,"Block Group 2, Census Tract 218.06, DeKalb County, Georgia",1074,513,48,289,134,561,40,284,188,88,573,322
1500000US130890218063,130890218063,"Block Group 3, Census Tract 218.06, DeKalb County, Georgia",2228,898,168,431,52,1330,385,539,159,553,970,211
1500000US130890218081,130890218081,"Block Group 1, Census Tract 218.08, DeKalb County, Georgia",1706,881,130,391,118,825,159,311,166,289,702,284
1500000US130890218082,130890218082,"Block Group 2, Census Tract 218.08, DeKalb County, Georgia",3293,1728,551,575,122,1565,473,506,255,1024,1081,377
1500000US130890218091,130890218091,"Block Group 1, Census Tract 218.09, DeKalb County, Georgia",535,268,50,115,79,267,31,158,78,81,273,157
1500000US130890218092,130890218092,"Block Group 2, Census Tract 218.09, DeKalb County, Georgia",1678,914,263,274,104,764,162,356,100,425,630,204
1500000US130890218093,130890218093,"Block Group 3, Census Tract 218.09, DeKalb County, Georgia",1888,881,239,296,158,1007,285,336,138,524,632,296
1500000US130890218094,130890218094,"Block Group 4, Census Tract 218.09, DeKalb County, Georgia",1367,550,52,230,118,817,106,268,218,158,498,336
1500000US130890218095,130890218095,"Block Group 5, Census Tract 218.09, DeKalb County, Georgia",1210,611,124,194,146,599,143,210,174,267,404,320
1500000US130890218101,130890218101,"Block Group 1, Census Tract 218.10, DeKalb County, Georgia",2190,918,394,366,30,1272,763,197,176,1157,563,206
1500000US130890218102,130890218102,"Block Group 2, Census Tract 218.10, DeKalb County, Georgia",1319,615,91,328,77,704,138,262,123,229,590,200
1500000US130890218103,130890218103,"Block Group 3, Census Tract 218.10, DeKalb County, Georgia",1639,679,154,232,228,960,119,364,291,273,596,519
1500000US130890218121,130890218121,"Block Group 1, Census Tract 218.12, DeKalb County, Georgia",983,406,87,166,52,577,177,157,122,264,323,174
1500000US130890218122,130890218122,"Block Group 2, Census Tract 218.12, DeKalb County, Georgia",1291,703,213,233,73,588,168,204,91,381,437,164
1500000US130890218131,130890218131,"Block Group 1, Census Tract 218.13, DeKalb County, Georgia",2859,1622,938,155,0,1237,699,241,0,1637,396,0
1500000US130890218141,130890218141,"Block Group 1, Census Tract 218.14, DeKalb County, Georgia",1045,568,155,235,33,477,159,241,77,314,476,110
1500000US130890218142,130890218142,"Block Group 2, Census Tract 218.14, DeKalb County, Georgia",1397,872,390,182,73,525,198,89,39,588,271,112
1500000US130890218143,130890218143,"Block Group 3, Census Tract 218.14, DeKalb County, Georgia",1339,675,315,185,0,664,321,184,0,636,369,0
1500000US130890218144,130890218144,"Block Group 4, Census Tract 218.14, DeKalb County, Georgia",1870,1081,573,245,11,789,341,255,22,914,500,33
1500000US130890219061,130890219061,"Block Group 1, Census Tract 219.06, DeKalb County, Georgia",1659,868,228,371,97,791,216,356,122,444,727,219
1500000US130890219062,130890219062,"Block Group 2, Census Tract 219.06, DeKalb County, Georgia",758,346,198,80,21,412,163,171,31,361,251,52
1500000US130890219063,130890219063,"Block Group 3, Census Tract 219.06, DeKalb County, Georgia",2824,1191,330,404,62,1633,530,502,124,860,906,186
1500000US130890219071,130890219071,"Block Group 1, Census Tract 219.07, DeKalb County, Georgia",4875,1928,604,727,206,2947,576,1146,556,1180,1873,762
1500000US130890219072,130890219072,"Block Group 2, Census Tract 219.07, DeKalb County, Georgia",2217,914,232,415,137,1303,327,564,145,559,979,282
1500000US130890219073,130890219073,"Block Group 3, Census Tract 219.07, DeKalb County, Georgia",1883,868,217,393,119,1015,212,416,149,429,809,268
1500000US130890219081,130890219081,"Block Group 1, Census Tract 219.08, DeKalb County, Georgia",1943,815,272,214,23,1128,311,336,139,583,550,162
1500000US130890219082,130890219082,"Block Group 2, Census Tract 219.08, DeKalb County, Georgia",4193,1680,430,625,64,2513,768,651,282,1198,1276,346
1500000US130890219091,130890219091,"Block Group 1, Census Tract 219.09, DeKalb County, Georgia",2234,991,473,237,29,1243,479,333,65,952,570,94
1500000US130890219092,130890219092,"Block Group 2, Census Tract 219.09, DeKalb County, Georgia",1609,962,415,208,56,647,165,324,55,580,532,111
1500000US130890219093,130890219093,"Block Group 3, Census Tract 219.09, DeKalb County, Georgia",1013,460,177,28,15,553,317,146,0,494,174,15
1500000US130890219094,130890219094,"Block Group 4, Census Tract 219.09, DeKalb County, Georgia",1755,826,338,133,109,929,385,403,36,723,536,145
1500000US130890219101,130890219101,"Block Group 1, Census Tract 219.10, DeKalb County, Georgia",1341,767,320,97,10,574,300,203,0,620,300,10
1500000US130890219102,130890219102,"Block Group 2, Census Tract 219.10, DeKalb County, Georgia",1796,777,206,196,200,1019,261,398,145,467,594,345
1500000US130890219103,130890219103,"Block Group 3, Census Tract 219.10, DeKalb County, Georgia",1683,852,196,345,32,831,224,372,95,420,717,127
1500000US130890219111,130890219111,"Block Group 1, Census Tract 219.11, DeKalb County, Georgia",816,376,140,72,0,440,94,197,0,234,269,0
1500000US130890219112,130890219112,"Block Group 2, Census Tract 219.11, DeKalb County, Georgia",1373,632,310,125,5,741,329,184,17,639,309,22
1500000US130890219121,130890219121,"Block Group 1, Census Tract 219.12, DeKalb County, Georgia",1451,653,117,344,115,798,123,288,114,240,632,229
1500000US130890219122,130890219122,"Block Group 2, Census Tract 219.12, DeKalb County, Georgia",1364,716,133,256,201,648,97,234,251,230,490,452
1500000US130890219123,130890219123,"Block Group 3, Census Tract 219.12, DeKalb County, Georgia",644,296,43,182,50,348,18,200,82,61,382,132
1500000US130890219131,130890219131,"Block Group 1, Census Tract 219.13, DeKalb County, Georgia",2554,1183,377,320,34,1371,615,223,92,992,543,126
1500000US130890219132,130890219132,"Block Group 2, Census Tract 219.13, DeKalb County, Georgia",848,395,209,101,0,453,293,124,0,502,225,0
1500000US130890219133,130890219133,"Block Group 3, Census Tract 219.13, DeKalb County, Georgia",1243,617,199,148,0,626,246,216,6,445,364,6
1500000US130890220011,130890220011,"Block Group 1, Census Tract 220.01, DeKalb County, Georgia",2018,1028,357,312,152,990,316,337,219,673,649,371
1500000US130890220012,130890220012,"Block Group 2, Census Tract 220.01, DeKalb County, Georgia",2321,1154,431,514,63,1167,353,533,142,784,1047,205
1500000US130890220041,130890220041,"Block Group 1, Census Tract 220.04, DeKalb County, Georgia",2668,1375,405,387,102,1293,535,292,131,940,679,233
1500000US130890220042,130890220042,"Block Group 2, Census Tract 220.04, DeKalb County, Georgia",1381,574,128,135,133,807,215,275,97,343,410,230
1500000US130890220043,130890220043,"Block Group 3, Census Tract 220.04, DeKalb County, Georgia",1977,935,332,346,48,1042,334,315,165,666,661,213
1500000US130890220051,130890220051,"Block Group 1, Census Tract 220.05, DeKalb County, Georgia",1727,809,282,254,4,918,297,255,65,579,509,69
1500000US130890220052,130890220052,"Block Group 2, Census Tract 220.05, DeKalb County, Georgia",1128,552,199,227,17,576,120,237,71,319,464,88
1500000US130890220053,130890220053,"Block Group 3, Census Tract 220.05, DeKalb County, Georgia",1736,844,358,231,78,892,228,327,96,586,558,174
1500000US130890220071,130890220071,"Block Group 1, Census Tract 220.07, DeKalb County, Georgia",2254,1070,432,210,73,1184,369,275,18,801,485,91
1500000US130890220072,130890220072,"Block Group 2, Census Tract 220.07, DeKalb County, Georgia",1850,1150,525,303,65,700,275,215,84,800,518,149
1500000US130890220081,130890220081,"Block Group 1, Census Tract 220.08, DeKalb County, Georgia",1057,436,191,221,24,621,144,210,26,335,431,50
1500000US130890220082,130890220082,"Block Group 2, Census Tract 220.08, DeKalb County, Georgia",2580,1455,575,335,57,1125,424,225,111,999,560,168
1500000US130890220083,130890220083,"Block Group 3, Census Tract 220.08, DeKalb County, Georgia",3693,1450,426,341,171,2243,766,509,188,1192,850,359
1500000US130890220084,130890220084,"Block Group 4, Census Tract 220.08, DeKalb County, Georgia",1037,563,74,133,80,474,188,85,18,262,218,98
1500000US130890220091,130890220091,"Block Group 1, Census Tract 220.09, DeKalb County, Georgia",1844,826,472,154,0,1018,466,308,24,938,462,24
1500000US130890220092,130890220092,"Block Group 2, Census Tract 220.09, DeKalb County, Georgia",1905,904,308,288,14,1001,315,331,29,623,619,43
1500000US130890220093,130890220093,"Block Group 3, Census Tract 220.09, DeKalb County, Georgia",1341,546,212,155,0,795,483,122,0,695,277,0
1500000US130890220101,130890220101,"Block Group 1, Census Tract 220.10, DeKalb County, Georgia",2669,1292,365,370,103,1377,491,412,119,856,782,222
1500000US130890221001,130890221001,"Block Group 1, Census Tract 221, DeKalb County, Georgia",2090,960,324,174,23,1130,487,170,69,811,344,92
1500000US130890221002,130890221002,"Block Group 2, Census Tract 221, DeKalb County, Georgia",1511,665,141,254,113,846,286,256,92,427,510,205
1500000US130890222031,130890222031,"Block Group 1, Census Tract 222.03, DeKalb County, Georgia",2090,1016,517,225,82,1074,631,229,163,1148,454,245
1500000US130890222041,130890222041,"Block Group 1, Census Tract 222.04, DeKalb County, Georgia",3732,1713,552,552,82,2019,662,548,78,1214,1100,160
1500000US130890222042,130890222042,"Block Group 2, Census Tract 222.04, DeKalb County, Georgia",765,319,95,152,15,446,134,217,42,229,369,57
1500000US130890222043,130890222043,"Block Group 3, Census Tract 222.04, DeKalb County, Georgia",1628,876,273,435,58,752,247,251,119,520,686,177
1500000US130890222044,130890222044,"Block Group 4, Census Tract 222.04, DeKalb County, Georgia",898,445,169,128,10,453,254,54,31,423,182,41
1500000US130890223011,130890223011,"Block Group 1, Census Tract 223.01, DeKalb County, Georgia",1306,674,318,132,79,632,232,191,170,550,323,249
1500000US130890223012,130890223012,"Block Group 2, Census Tract 223.01, DeKalb County, Georgia",498,127,54,29,44,371,42,42,261,96,71,305
1500000US130890223013,130890223013,"Block Group 3, Census Tract 223.01, DeKalb County, Georgia",909,392,185,117,41,517,114,266,74,299,383,115
1500000US130890223014,130890223014,"Block Group 4, Census Tract 223.01, DeKalb County, Georgia",1376,628,120,271,74,748,124,387,26,244,658,100
1500000US130890223015,130890223015,"Block Group 5, Census Tract 223.01, DeKalb County, Georgia",1801,950,690,190,14,851,426,270,17,1116,460,31
1500000US130890223021,130890223021,"Block Group 1, Census Tract 223.02, DeKalb County, Georgia",1572,839,288,280,140,733,298,248,179,586,528,319
1500000US130890223022,130890223022,"Block Group 2, Census Tract 223.02, DeKalb County, Georgia",1274,668,153,236,88,606,154,247,36,307,483,124
1500000US130890223023,130890223023,"Block Group 3, Census Tract 223.02, DeKalb County, Georgia",1728,861,403,286,30,867,345,351,85,748,637,115
1500000US130890224011,130890224011,"Block Group 1, Census Tract 224.01, DeKalb County, Georgia",1862,872,402,279,63,990,563,275,50,965,554,113
1500000US130890224012,130890224012,"Block Group 2, Census Tract 224.01, DeKalb County, Georgia",1109,493,183,181,43,616,251,167,83,434,348,126
1500000US130890224013,130890224013,"Block Group 3, Census Tract 224.01, DeKalb County, Georgia",973,459,57,222,83,514,42,305,73,99,527,156
1500000US130890224021,130890224021,"Block Group 1, Census Tract 224.02, DeKalb County, Georgia",2394,1005,880,62,23,1389,1144,135,41,2024,197,64
1500000US130890224022,130890224022,"Block Group 2, Census Tract 224.02, DeKalb County, Georgia",3326,1403,1232,53,57,1923,1638,31,242,2870,84,299
1500000US130890224031,130890224031,"Block Group 1, Census Tract 224.03, DeKalb County, Georgia",1304,655,73,257,139,649,124,273,122,197,530,261
1500000US130890224032,130890224032,"Block Group 2, Census Tract 224.03, DeKalb County, Georgia",1619,745,207,310,72,874,215,291,120,422,601,192
1500000US130890224033,130890224033,"Block Group 3, Census Tract 224.03, DeKalb County, Georgia",1065,523,38,225,98,542,65,241,89,103,466,187
1500000US130890225001,130890225001,"Block Group 1, Census Tract 225, DeKalb County, Georgia",1992,830,144,214,46,1162,259,156,161,403,370,207
1500000US130890225002,130890225002,"Block Group 2, Census Tract 225, DeKalb County, Georgia",1052,396,85,163,43,656,203,187,78,288,350,121
1500000US130890225003,130890225003,"Block Group 3, Census Tract 225, DeKalb County, Georgia",1425,705,221,229,39,720,254,277,60,475,506,99
1500000US130890225004,130890225004,"Block Group 4, Census Tract 225, DeKalb County, Georgia",1784,813,225,278,68,971,191,361,115,416,639,183
1500000US130890226001,130890226001,"Block Group 1, Census Tract 226, DeKalb County, Georgia",1756,864,246,351,59,892,225,346,118,471,697,177
1500000US130890226002,130890226002,"Block Group 2, Census Tract 226, DeKalb County, Georgia",1985,694,153,323,102,1291,371,392,305,524,715,407
1500000US130890226003,130890226003,"Block Group 3, Census Tract 226, DeKalb County, Georgia",1883,771,296,217,73,1112,337,325,247,633,542,320
1500000US130890227001,130890227001,"Block Group 1, Census Tract 227, DeKalb County, Georgia",1963,857,120,367,57,1106,245,321,235,365,688,292
1500000US130890227002,130890227002,"Block Group 2, Census Tract 227, DeKalb County, Georgia",972,466,117,151,10,506,187,126,19,304,277,29
1500000US130890227003,130890227003,"Block Group 3, Census Tract 227, DeKalb County, Georgia",1511,631,170,238,10,880,349,243,75,519,481,85
1500000US130890228001,130890228001,"Block Group 1, Census Tract 228, DeKalb County, Georgia",1111,279,62,108,15,832,673,110,31,735,218,46
1500000US130890228002,130890228002,"Block Group 2, Census Tract 228, DeKalb County, Georgia",1689,787,262,179,48,902,294,228,112,556,407,160
1500000US130890228003,130890228003,"Block Group 3, Census Tract 228, DeKalb County, Georgia",1041,452,92,205,13,589,143,251,23,235,456,36
1500000US130890229001,130890229001,"Block Group 1, Census Tract 229, DeKalb County, Georgia",1547,694,216,206,36,853,221,372,111,437,578,147
1500000US130890229002,130890229002,"Block Group 2, Census Tract 229, DeKalb County, Georgia",151,58,15,27,0,93,29,35,29,44,62,29
1500000US130890229003,130890229003,"Block Group 3, Census Tract 229, DeKalb County, Georgia",1980,1052,294,446,81,928,305,355,111,599,801,192
1500000US130890230001,130890230001,"Block Group 1, Census Tract 230, DeKalb County, Georgia",2096,880,218,346,112,1216,241,510,239,459,856,351
1500000US130890231011,130890231011,"Block Group 1, Census Tract 231.01, DeKalb County, Georgia",647,360,56,190,37,287,72,132,68,128,322,105
1500000US130890231012,130890231012,"Block Group 2, Census Tract 231.01, DeKalb County, Georgia",1664,768,278,224,81,896,279,324,123,557,548,204
1500000US130890231013,130890231013,"Block Group 3, Census Tract 231.01, DeKalb County, Georgia",833,385,93,90,42,448,158,108,39,251,198,81
1500000US130890231014,130890231014,"Block Group 4, Census Tract 231.01, DeKalb County, Georgia",1455,649,344,168,40,806,325,271,45,669,439,85
1500000US130890231021,130890231021,"Block Group 1, Census Tract 231.02, DeKalb County, Georgia",1449,720,127,428,51,729,104,403,94,231,831,145
1500000US130890231022,130890231022,"Block Group 2, Census Tract 231.02, DeKalb County, Georgia",1781,866,298,328,52,915,373,307,105,671,635,157
1500000US130890231071,130890231071,"Block Group 1, Census Tract 231.07, DeKalb County, Georgia",1788,671,228,257,91,1117,253,482,85,481,739,176
1500000US130890231072,130890231072,"Block Group 2, Census Tract 231.07, DeKalb County, Georgia",1320,749,234,298,18,571,214,142,71,448,440,89
1500000US130890231073,130890231073,"Block Group 3, Census Tract 231.07, DeKalb County, Georgia",1401,606,151,222,39,795,199,280,123,350,502,162
1500000US130890231081,130890231081,"Block Group 1, Census Tract 231.08, DeKalb County, Georgia",1648,885,276,306,86,763,202,207,119,478,513,205
1500000US130890231082,130890231082,"Block Group 2, Census Tract 231.08, DeKalb County, Georgia",1238,531,171,134,56,707,236,219,93,407,353,149
1500000US130890231083,130890231083,"Block Group 3, Census Tract 231.08, DeKalb County, Georgia",1854,935,251,289,39,919,261,355,81,512,644,120
1500000US130890231111,130890231111,"Block Group 1, Census Tract 231.11, DeKalb County, Georgia",2054,1019,311,352,83,1035,274,391,123,585,743,206
1500000US130890231121,130890231121,"Block Group 1, Census Tract 231.12, DeKalb County, Georgia",1390,811,440,208,23,579,218,209,0,658,417,23
1500000US130890231122,130890231122,"Block Group 2, Census Tract 231.12, DeKalb County, Georgia",2334,925,414,196,8,1409,476,405,55,890,601,63
1500000US130890231123,130890231123,"Block Group 3, Census Tract 231.12, DeKalb County, Georgia",541,269,40,158,24,272,43,134,25,83,292,49
1500000US130890231131,130890231131,"Block Group 1, Census Tract 231.13, DeKalb County, Georgia",2059,916,331,109,18,1143,461,370,57,792,479,75
1500000US130890231132,130890231132,"Block Group 2, Census Tract 231.13, DeKalb County, Georgia",1338,668,200,302,25,670,294,172,32,494,474,57
1500000US130890231141,130890231141,"Block Group 1, Census Tract 231.14, DeKalb County, Georgia",1094,528,207,127,55,566,187,229,67,394,356,122
1500000US130890231142,130890231142,"Block Group 2, Census Tract 231.14, DeKalb County, Georgia",1346,710,273,234,62,636,181,196,98,454,430,160
1500000US130890231151,130890231151,"Block Group 1, Census Tract 231.15, DeKalb County, Georgia",3083,2750,1894,830,9,333,249,84,0,2143,914,9
1500000US130890232041,130890232041,"Block Group 1, Census Tract 232.04, DeKalb County, Georgia",2661,1128,519,203,33,1533,296,621,88,815,824,121
1500000US130890232042,130890232042,"Block Group 2, Census Tract 232.04, DeKalb County, Georgia",2575,1297,358,440,160,1278,356,556,177,714,996,337
1500000US130890232043,130890232043,"Block Group 3, Census Tract 232.04, DeKalb County, Georgia",1934,941,265,282,56,993,287,421,168,552,703,224
1500000US130890232061,130890232061,"Block Group 1, Census Tract 232.06, DeKalb County, Georgia",2967,1429,380,474,239,1538,367,549,334,747,1023,573
1500000US130890232062,130890232062,"Block Group 2, Census Tract 232.06, DeKalb County, Georgia",3187,1754,465,484,42,1433,390,531,154,855,1015,196
1500000US130890232063,130890232063,"Block Group 3, Census Tract 232.06, DeKalb County, Georgia",1510,660,131,261,28,850,126,400,144,257,661,172
1500000US130890232081,130890232081,"Block Group 1, Census Tract 232.08, DeKalb County, Georgia",2566,1298,500,498,63,1268,452,443,142,952,941,205
1500000US130890232082,130890232082,"Block Group 2, Census Tract 232.08, DeKalb County, Georgia",1318,614,218,201,50,704,218,233,83,436,434,133
1500000US130890232083,130890232083,"Block Group 3, Census Tract 232.08, DeKalb County, Georgia",3174,1494,543,277,109,1680,594,514,65,1137,791,174
1500000US130890232091,130890232091,"Block Group 1, Census Tract 232.09, DeKalb County, Georgia",1490,720,301,145,20,770,203,304,46,504,449,66
1500000US130890232092,130890232092,"Block Group 2, Census Tract 232.09, DeKalb County, Georgia",2533,1322,414,494,93,1211,310,539,59,724,1033,152
1500000US130890232093,130890232093,"Block Group 3, Census Tract 232.09, DeKalb County, Georgia",1607,678,243,233,46,929,252,394,43,495,627,89
1500000US130890232101,130890232101,"Block Group 1, Census Tract 232.10, DeKalb County, Georgia",1274,573,182,238,25,701,116,340,155,298,578,180
1500000US130890232102,130890232102,"Block Group 2, Census Tract 232.10, DeKalb County, Georgia",753,499,214,97,44,254,81,131,27,295,228,71
1500000US130890232103,130890232103,"Block Group 3, Census Tract 232.10, DeKalb County, Georgia",1792,835,331,180,137,957,294,379,112,625,559,249
1500000US130890232104,130890232104,"Block Group 4, Census Tract 232.10, DeKalb County, Georgia",653,350,213,68,0,303,83,161,26,296,229,26
1500000US130890232105,130890232105,"Block Group 5, Census Tract 232.10, DeKalb County, Georgia",2042,897,469,129,37,1145,442,325,44,911,454,81
1500000US130890232111,130890232111,"Block Group 1, Census Tract 232.11, DeKalb County, Georgia",1489,712,224,282,51,777,161,309,71,385,591,122
1500000US130890232112,130890232112,"Block Group 2, Census Tract 232.11, DeKalb County, Georgia",1528,678,176,226,96,850,325,357,46,501,583,142
1500000US130890232121,130890232121,"Block Group 1, Census Tract 232.12, DeKalb County, Georgia",1514,708,275,203,95,806,200,343,112,475,546,207
1500000US130890232122,130890232122,"Block Group 2, Census Tract 232.12, DeKalb County, Georgia",2100,1116,276,494,36,984,347,351,62,623,845,98
1500000US130890232131,130890232131,"Block Group 1, Census Tract 232.13, DeKalb County, Georgia",1247,724,297,103,38,523,178,154,85,475,257,123
1500000US130890232132,130890232132,"Block Group 2, Census Tract 232.13, DeKalb County, Georgia",1514,821,338,368,54,693,217,251,30,555,619,84
1500000US130890232133,130890232133,"Block Group 3, Census Tract 232.13, DeKalb County, Georgia",3222,1229,496,264,86,1993,603,730,270,1099,994,356
1500000US130890232141,130890232141,"Block Group 1, Census Tract 232.14, DeKalb County, Georgia",3199,1489,622,344,92,1710,802,474,48,1424,818,140
1500000US130890232142,130890232142,"Block Group 2, Census Tract 232.14, DeKalb County, Georgia",2887,1106,363,303,10,1781,641,470,45,1004,773,55
1500000US130890233031,130890233031,"Block Group 1, Census Tract 233.03, DeKalb County, Georgia",3480,1521,394,446,37,1959,588,602,185,982,1048,222
1500000US130890233032,130890233032,"Block Group 2, Census Tract 233.03, DeKalb County, Georgia",809,405,137,138,76,404,68,140,85,205,278,161
1500000US130890233033,130890233033,"Block Group 3, Census Tract 233.03, DeKalb County, Georgia",960,511,161,143,32,449,181,138,43,342,281,75
1500000US130890233034,130890233034,"Block Group 4, Census Tract 233.03, DeKalb County, Georgia",1566,508,131,91,10,1058,362,303,68,493,394,78
1500000US130890233061,130890233061,"Block Group 1, Census Tract 233.06, DeKalb County, Georgia",2635,950,340,342,69,1685,466,716,80,806,1058,149
1500000US130890233062,130890233062,"Block Group 2, Census Tract 233.06, DeKalb County, Georgia",2012,1152,185,435,148,860,272,400,29,457,835,177
1500000US130890233063,130890233063,"Block Group 3, Census Tract 233.06, DeKalb County, Georgia",2323,945,221,401,43,1378,322,372,176,543,773,219
1500000US130890233091,130890233091,"Block Group 1, Census Tract 233.09, DeKalb County, Georgia",1216,529,189,224,17,687,255,253,67,444,477,84
1500000US130890233092,130890233092,"Block Group 2, Census Tract 233.09, DeKalb County, Georgia",1896,709,125,254,45,1187,364,404,225,489,658,270
1500000US130890233093,130890233093,"Block Group 3, Census Tract 233.09, DeKalb County, Georgia",4417,1806,509,462,70,2611,799,936,84,1308,1398,154
1500000US130890233094,130890233094,"Block Group 4, Census Tract 233.09, DeKalb County, Georgia",1914,853,137,444,0,1061,184,623,7,321,1067,7
1500000US130890233101,130890233101,"Block Group 1, Census Tract 233.10, DeKalb County, Georgia",2321,865,276,269,91,1456,402,534,209,678,803,300
1500000US130890233102,130890233102,"Block Group 2, Census Tract 233.10, DeKalb County, Georgia",3920,1948,481,513,86,1972,657,766,87,1138,1279,173
1500000US130890233103,130890233103,"Block Group 3, Census Tract 233.10, DeKalb County, Georgia",1958,619,209,107,31,1339,513,418,150,722,525,181
1500000US130890233104,130890233104,"Block Group 4, Census Tract 233.10, DeKalb County, Georgia",1339,708,323,181,33,631,315,206,100,638,387,133
1500000US130890233111,130890233111,"Block Group 1, Census Tract 233.11, DeKalb County, Georgia",3090,1485,470,454,77,1605,380,802,148,850,1256,225
1500000US130890233112,130890233112,"Block Group 2, Census Tract 233.11, DeKalb County, Georgia",1909,795,167,297,66,1114,345,286,65,512,583,131
1500000US130890233121,130890233121,"Block Group 1, Census Tract 233.12, DeKalb County, Georgia",3898,1864,447,675,111,2034,578,837,142,1025,1512,253
1500000US130890233122,130890233122,"Block Group 2, Census Tract 233.12, DeKalb County, Georgia",2905,1295,472,375,125,1610,320,694,218,792,1069,343
1500000US130890233123,130890233123,"Block Group 3, Census Tract 233.12, DeKalb County, Georgia",2399,912,296,315,102,1487,399,571,109,695,886,211
1500000US130890233131,130890233131,"Block Group 1, Census Tract 233.13, DeKalb County, Georgia",1926,865,301,306,49,1061,293,521,59,594,827,108
1500000US130890233132,130890233132,"Block Group 2, Census Tract 233.13, DeKalb County, Georgia",3006,1531,371,496,146,1475,386,665,80,757,1161,226
1500000US130890233141,130890233141,"Block Group 1, Census Tract 233.14, DeKalb County, Georgia",1639,788,114,380,49,851,142,403,29,256,783,78
1500000US130890233142,130890233142,"Block Group 2, Census Tract 233.14, DeKalb County, Georgia",2022,892,219,395,131,1130,294,479,96,513,874,227
1500000US130890233143,130890233143,"Block Group 3, Census Tract 233.14, DeKalb County, Georgia",1433,615,138,220,50,818,317,296,69,455,516,119
1500000US130890233151,130890233151,"Block Group 1, Census Tract 233.15, DeKalb County, Georgia",3211,1271,156,456,44,1940,618,721,113,774,1177,157
1500000US130890233152,130890233152,"Block Group 2, Census Tract 233.15, DeKalb County, Georgia",1543,736,275,278,29,807,133,347,70,408,625,99
1500000US130890233161,130890233161,"Block Group 1, Census Tract 233.16, DeKalb County, Georgia",2913,1247,233,624,122,1666,367,713,191,600,1337,313
1500000US130890233162,130890233162,"Block Group 2, Census Tract 233.16, DeKalb County, Georgia",3487,1771,515,773,46,1716,344,927,110,859,1700,156
1500000US130890233163,130890233163,"Block Group 3, Census Tract 233.16, DeKalb County, Georgia",1652,858,197,371,16,794,305,304,52,502,675,68
1500000US130890234101,130890234101,"Block Group 1, Census Tract 234.10, DeKalb County, Georgia",1417,497,162,135,48,920,242,339,66,404,474,114
1500000US130890234102,130890234102,"Block Group 2, Census Tract 234.10, DeKalb County, Georgia",1715,733,348,186,82,982,384,309,102,732,495,184
1500000US130890234111,130890234111,"Block Group 1, Census Tract 234.11, DeKalb County, Georgia",1921,803,205,257,147,1118,215,426,235,420,683,382
1500000US130890234112,130890234112,"Block Group 2, Census Tract 234.11, DeKalb County, Georgia",2031,925,252,391,106,1106,251,506,174,503,897,280
1500000US130890234121,130890234121,"Block Group 1, Census Tract 234.12, DeKalb County, Georgia",2020,690,144,181,50,1330,269,548,208,413,729,258
1500000US130890234122,130890234122,"Block Group 2, Census Tract 234.12, DeKalb County, Georgia",1810,782,259,334,186,1028,253,463,134,512,797,320
1500000US130890234123,130890234123,"Block Group 3, Census Tract 234.12, DeKalb County, Georgia",2661,1363,499,379,182,1298,268,523,235,767,902,417
1500000US130890234131,130890234131,"Block Group 1, Census Tract 234.13, DeKalb County, Georgia",1703,780,242,288,126,923,181,384,146,423,672,272
1500000US130890234132,130890234132,"Block Group 2, Census Tract 234.13, DeKalb County, Georgia",1707,645,126,250,133,1062,261,378,248,387,628,381
1500000US130890234141,130890234141,"Block Group 1, Census Tract 234.14, DeKalb County, Georgia",2144,1060,249,242,57,1084,242,461,115,491,703,172
1500000US130890234142,130890234142,"Block Group 2, Census Tract 234.14, DeKalb County, Georgia",1237,564,85,208,181,673,178,225,160,263,433,341
1500000US130890234143,130890234143,"Block Group 3, Census Tract 234.14, DeKalb County, Georgia",3100,1427,371,480,236,1673,354,699,251,725,1179,487
1500000US130890234161,130890234161,"Block Group 1, Census Tract 234.16, DeKalb County, Georgia",1979,758,188,275,32,1221,504,399,27,692,674,59
1500000US130890234162,130890234162,"Block Group 2, Census Tract 234.16, DeKalb County, Georgia",2807,1296,275,673,16,1511,376,425,117,651,1098,133
1500000US130890234163,130890234163,"Block Group 3, Census Tract 234.16, DeKalb County, Georgia",1577,778,205,322,40,799,209,301,51,414,623,91
1500000US130890234164,130890234164,"Block Group 4, Census Tract 234.16, DeKalb County, Georgia",1561,765,187,240,247,796,219,357,159,406,597,406
1500000US130890234181,130890234181,"Block Group 1, Census Tract 234.18, DeKalb County, Georgia",6278,2549,1092,779,58,3729,1614,1142,198,2706,1921,256
1500000US130890234182,130890234182,"Block Group 2, Census Tract 234.18, DeKalb County, Georgia",3327,1463,302,751,70,1864,682,788,176,984,1539,246
1500000US130890234183,130890234183,"Block Group 3, Census Tract 234.18, DeKalb County, Georgia",3750,1807,830,389,204,1943,421,915,112,1251,1304,316
1500000US130890234184,130890234184,"Block Group 4, Census Tract 234.18, DeKalb County, Georgia",5968,2794,925,592,67,3174,800,1146,187,1725,1738,254
1500000US130890234191,130890234191,"Block Group 1, Census Tract 234.19, DeKalb County, Georgia",6097,2437,596,965,145,3660,1122,1245,330,1718,2210,475
1500000US130890234192,130890234192,"Block Group 2, Census Tract 234.19, DeKalb County, Georgia",1448,761,266,329,50,687,157,371,127,423,700,177
1500000US130890234193,130890234193,"Block Group 3, Census Tract 234.19, DeKalb County, Georgia",1960,1002,270,267,52,958,418,314,25,688,581,77
1500000US130890234211,130890234211,"Block Group 1, Census Tract 234.21, DeKalb County, Georgia",3190,958,201,288,82,2232,838,509,160,1039,797,242
1500000US130890234212,130890234212,"Block Group 2, Census Tract 234.21, DeKalb County, Georgia",1167,396,116,105,0,771,483,124,23,599,229,23
1500000US130890234213,130890234213,"Block Group 3, Census Tract 234.21, DeKalb County, Georgia",3572,1557,580,396,31,2015,729,740,73,1309,1136,104
1500000US130890234221,130890234221,"Block Group 1, Census Tract 234.22, DeKalb County, Georgia",1762,775,156,319,35,987,354,309,43,510,628,78
1500000US130890234222,130890234222,"Block Group 2, Census Tract 234.22, DeKalb County, Georgia",3177,1395,328,630,31,1782,506,783,107,834,1413,138
1500000US130890234231,130890234231,"Block Group 1, Census Tract 234.23, DeKalb County, Georgia",2802,1286,362,604,86,1516,547,606,70,909,1210,156
1500000US130890234232,130890234232,"Block Group 2, Census Tract 234.23, DeKalb County, Georgia",1368,784,229,235,86,584,284,151,90,513,386,176
1500000US130890234233,130890234233,"Block Group 3, Census Tract 234.23, DeKalb County, Georgia",3337,1573,500,400,117,1764,679,685,106,1179,1085,223
1500000US130890234241,130890234241,"Block Group 1, Census Tract 234.24, DeKalb County, Georgia",4005,1827,552,510,134,2178,752,716,149,1304,1226,283
1500000US130890234242,130890234242,"Block Group 2, Census Tract 234.24, DeKalb County, Georgia",1889,980,384,349,66,909,375,266,61,759,615,127
1500000US130890234251,130890234251,"Block Group 1, Census Tract 234.25, DeKalb County, Georgia",2355,1121,572,297,180,1234,324,540,212,896,837,392
1500000US130890234252,130890234252,"Block Group 2, Census Tract 234.25, DeKalb County, Georgia",3424,1703,563,648,90,1721,530,683,142,1093,1331,232
1500000US130890234261,130890234261,"Block Group 1, Census Tract 234.26, DeKalb County, Georgia",2614,1250,301,583,82,1364,298,615,184,599,1198,266
1500000US130890234262,130890234262,"Block Group 2, Census Tract 234.26, DeKalb County, Georgia",2211,738,171,316,76,1473,440,510,234,611,826,310
1500000US130890234271,130890234271,"Block Group 1, Census Tract 234.27, DeKalb County, Georgia",2099,897,278,326,75,1202,341,487,159,619,813,234
1500000US130890234272,130890234272,"Block Group 2, Census Tract 234.27, DeKalb County, Georgia",739,349,117,102,74,390,65,169,80,182,271,154
1500000US130890234281,130890234281,"Block Group 1, Census Tract 234.28, DeKalb County, Georgia",831,393,174,72,0,438,138,197,56,312,269,56
1500000US130890234282,130890234282,"Block Group 2, Census Tract 234.28, DeKalb County, Georgia",2665,946,348,287,38,1719,705,490,76,1053,777,114
1500000US130890234283,130890234283,"Block Group 3, Census Tract 234.28, DeKalb County, Georgia",4534,1925,597,349,30,2609,1220,708,86,1817,1057,116
1500000US130890234284,130890234284,"Block Group 4, Census Tract 234.28, DeKalb County, Georgia",1688,624,205,199,44,1064,426,287,163,631,486,207
1500000US130890235011,130890235011,"Block Group 1, Census Tract 235.01, DeKalb County, Georgia",1472,548,157,275,26,924,224,338,94,381,613,120
1500000US130890235012,130890235012,"Block Group 2, Census Tract 235.01, DeKalb County, Georgia",1828,775,263,212,106,1053,285,326,202,548,538,308
1500000US130890235041,130890235041,"Block Group 1, Census Tract 235.04, DeKalb County, Georgia",787,281,56,97,93,506,94,198,99,150,295,192
1500000US130890235042,130890235042,"Block Group 2, Census Tract 235.04, DeKalb County, Georgia",687,349,58,70,119,338,69,111,86,127,181,205
1500000US130890235043,130890235043,"Block Group 3, Census Tract 235.04, DeKalb County, Georgia",1555,757,172,209,39,798,183,256,100,355,465,139
1500000US130890235051,130890235051,"Block Group 1, Census Tract 235.05, DeKalb County, Georgia",1283,534,206,217,63,749,167,394,123,373,611,186
1500000US130890235052,130890235052,"Block Group 2, Census Tract 235.05, DeKalb County, Georgia",1188,625,155,196,140,563,111,242,154,266,438,294
1500000US130890235061,130890235061,"Block Group 1, Census Tract 235.06, DeKalb County, Georgia",2139,1102,171,428,48,1037,380,336,103,551,764,151
1500000US130890235062,130890235062,"Block Group 2, Census Tract 235.06, DeKalb County, Georgia",2033,925,184,465,135,1108,215,469,355,399,934,490
1500000US130890235063,130890235063,"Block Group 3, Census Tract 235.06, DeKalb County, Georgia",1795,760,258,234,163,1035,148,409,269,406,643,432
1500000US130890235071,130890235071,"Block Group 1, Census Tract 235.07, DeKalb County, Georgia",1109,677,207,240,104,432,165,171,68,372,411,172
1500000US130890235072,130890235072,"Block Group 2, Census Tract 235.07, DeKalb County, Georgia",1018,528,205,89,9,490,100,248,62,305,337,71
1500000US130890235073,130890235073,"Block Group 3, Census Tract 235.07, DeKalb County, Georgia",1743,816,243,261,137,927,207,384,178,450,645,315
1500000US130890236011,130890236011,"Block Group 1, Census Tract 236.01, DeKalb County, Georgia",1018,553,245,228,53,465,87,164,111,332,392,164
1500000US130890236012,130890236012,"Block Group 2, Census Tract 236.01, DeKalb County, Georgia",1208,607,190,282,51,601,164,161,128,354,443,179
1500000US130890236013,130890236013,"Block Group 3, Census Tract 236.01, DeKalb County, Georgia",878,384,240,79,24,494,279,88,20,519,167,44
1500000US130890236021,130890236021,"Block Group 1, Census Tract 236.02, DeKalb County, Georgia",1000,487,147,170,85,513,103,181,165,250,351,250
1500000US130890236022,130890236022,"Block Group 2, Census Tract 236.02, DeKalb County, Georgia",1591,665,298,178,151,926,264,269,193,562,447,344
1500000US130890236031,130890236031,"Block Group 1, Census Tract 236.03, DeKalb County, Georgia",1688,800,296,187,132,888,224,278,196,520,465,328
1500000US130890236032,130890236032,"Block Group 2, Census Tract 236.03, DeKalb County, Georgia",1747,700,267,178,123,1047,288,393,121,555,571,244
1500000US130890237001,130890237001,"Block Group 1, Census Tract 237, DeKalb County, Georgia",1747,785,101,460,45,962,247,426,117,348,886,162
1500000US130890237002,130890237002,"Block Group 2, Census Tract 237, DeKalb County, Georgia",1343,688,394,207,51,655,254,220,168,648,427,219
1500000US130890237003,130890237003,"Block Group 3, Census Tract 237, DeKalb County, Georgia",1469,675,193,157,113,794,224,111,95,417,268,208
1500000US130890237004,130890237004,"Block Group 4, Census Tract 237, DeKalb County, Georgia",1147,448,168,104,0,699,211,186,94,379,290,94
1500000US130890238011,130890238011,"Block Group 1, Census Tract 238.01, DeKalb County, Georgia",675,356,131,123,66,319,130,106,51,261,229,117
1500000US130890238012,130890238012,"Block Group 2, Census Tract 238.01, DeKalb County, Georgia",1642,831,341,248,78,811,369,265,85,710,513,163
1500000US130890238013,130890238013,"Block Group 3, Census Tract 238.01, DeKalb County, Georgia",1268,638,218,272,91,630,235,214,92,453,486,183
1500000US130890238021,130890238021,"Block Group 1, Census Tract 238.02, DeKalb County, Georgia",1314,558,173,224,18,756,327,180,111,500,404,129
1500000US130890238022,130890238022,"Block Group 2, Census Tract 238.02, DeKalb County, Georgia",3683,1565,669,386,57,2118,1118,683,107,1787,1069,164
1500000US130890238031,130890238031,"Block Group 1, Census Tract 238.03, DeKalb County, Georgia",1131,523,167,114,55,608,170,285,86,337,399,141
1500000US130890238032,130890238032,"Block Group 2, Census Tract 238.03, DeKalb County, Georgia",804,355,106,93,66,449,106,190,46,212,283,112
1500000US130890238033,130890238033,"Block Group 3, Census Tract 238.03, DeKalb County, Georgia",1672,820,281,292,168,852,281,228,169,562,520,337
1500000US130890238034,130890238034,"Block Group 4, Census Tract 238.03, DeKalb County, Georgia",1713,959,432,240,99,754,250,243,76,682,483,175
1500000US130899800001,130899800001,"Block Group 1, Census Tract 9800, DeKalb County, Georgia",0,0,0,0,0,0,0,0,0,0,0,0
1500000US131210001001,131210001001,"Block Group 1, Census Tract 1, Fulton County, Georgia",1068,633,192,261,38,435,39,224,45,231,485,83
1500000US131210001002,131210001002,"Block Group 2, Census Tract 1, Fulton County, Georgia",637,360,109,140,8,277,121,98,20,230,238,28
1500000US131210001003,131210001003,"Block Group 3, Census Tract 1, Fulton County, Georgia",1795,865,128,356,129,930,247,431,89,375,787,218
1500000US131210001004,131210001004,"Block Group 4, Census Tract 1, Fulton County, Georgia",1150,508,40,231,44,642,215,252,16,255,483,60
1500000US131210002001,131210002001,"Block Group 1, Census Tract 2, Fulton County, Georgia",1475,967,352,491,92,508,174,195,108,526,686,200
1500000US131210002002,131210002002,"Block Group 2, Census Tract 2, Fulton County, Georgia",1473,817,286,295,89,656,222,269,88,508,564,177
1500000US131210002003,131210002003,"Block Group 3, Census Tract 2, Fulton County, Georgia",1129,581,190,263,70,548,120,292,51,310,555,121
1500000US131210002004,131210002004,"Block Group 4, Census Tract 2, Fulton County, Georgia",934,532,107,278,51,402,108,180,16,215,458,67
1500000US131210002005,131210002005,"Block Group 5, Census Tract 2, Fulton County, Georgia",1267,614,117,265,16,653,200,238,14,317,503,30
1500000US131210004001,131210004001,"Block Group 1, Census Tract 4, Fulton County, Georgia",592,254,122,61,35,338,142,95,59,264,156,94
1500000US131210004002,131210004002,"Block Group 2, Census Tract 4, Fulton County, Georgia",1000,492,89,289,50,508,190,225,61,279,514,111
1500000US131210005001,131210005001,"Block Group 1, Census Tract 5, Fulton County, Georgia",3480,2006,1350,595,0,1474,954,475,9,2304,1070,9
1500000US131210005002,131210005002,"Block Group 2, Census Tract 5, Fulton County, Georgia",1060,435,0,245,80,625,79,220,29,79,465,109
1500000US131210005003,131210005003,"Block Group 3, Census Tract 5, Fulton County, Georgia",931,473,118,159,99,458,122,185,38,240,344,137
1500000US131210006001,131210006001,"Block Group 1, Census Tract 6, Fulton County, Georgia",5906,4033,3355,556,36,1873,1541,204,26,4896,760,62
1500000US131210007001,131210007001,"Block Group 1, Census Tract 7, Fulton County, Georgia",2086,1876,1047,790,31,210,121,89,0,1168,879,31
1500000US131210007002,131210007002,"Block Group 2, Census Tract 7, Fulton County, Georgia",848,519,287,163,21,329,158,47,52,445,210,73
1500000US131210010011,131210010011,"Block Group 1, Census Tract 10.01, Fulton County, Georgia",1716,1298,1230,36,11,418,384,11,23,1614,47,34
1500000US131210010012,131210010012,"Block Group 2, Census Tract 10.01, Fulton County, Georgia",961,619,313,264,28,342,180,110,15,493,374,43
1500000US131210010021,131210010021,"Block Group 1, Census Tract 10.02, Fulton County, Georgia",7230,4868,4733,60,13,2362,2266,69,0,6999,129,13
1500000US131210011001,131210011001,"Block Group 1, Census Tract 11, Fulton County, Georgia",1021,655,238,371,46,366,253,83,30,491,454,76
1500000US131210011002,131210011002,"Block Group 2, Census Tract 11, Fulton County, Georgia",918,566,198,344,24,352,213,122,17,411,466,41
1500000US131210011003,131210011003,"Block Group 3, Census Tract 11, Fulton County, Georgia",2306,1110,289,779,42,1196,565,461,42,854,1240,84
1500000US131210012011,131210012011,"Block Group 1, Census Tract 12.01, Fulton County, Georgia",1780,1010,404,568,11,770,590,154,10,994,722,21
1500000US131210012012,131210012012,"Block Group 2, Census Tract 12.01, Fulton County, Georgia",2123,962,642,171,88,1161,629,227,273,1271,398,361
1500000US131210012021,131210012021,"Block Group 1, Census Tract 12.02, Fulton County, Georgia",2456,1480,778,560,83,976,602,241,86,1380,801,169
1500000US131210012022,131210012022,"Block Group 2, Census Tract 12.02, Fulton County, Georgia",1442,935,824,96,15,507,410,97,0,1234,193,15
1500000US131210013001,131210013001,"Block Group 1, Census Tract 13, Fulton County, Georgia",2299,1185,556,400,101,1114,580,225,108,1136,625,209
1500000US131210013002,131210013002,"Block Group 2, Census Tract 13, Fulton County, Georgia",1062,663,201,380,44,399,244,79,32,445,459,76
1500000US131210013003,131210013003,"Block Group 3, Census Tract 13, Fulton County, Georgia",1168,794,506,248,26,374,268,93,0,774,341,26
1500000US131210014001,131210014001,"Block Group 1, Census Tract 14, Fulton County, Georgia",1411,824,431,342,14,587,324,211,0,755,553,14
1500000US131210014002,131210014002,"Block Group 2, Census Tract 14, Fulton County, Georgia",826,429,153,100,64,397,160,132,42,313,232,106
1500000US131210015001,131210015001,"Block Group 1, Census Tract 15, Fulton County, Georgia",1384,571,423,55,19,813,622,120,53,1045,175,72
1500000US131210015002,131210015002,"Block Group 2, Census Tract 15, Fulton County, Georgia",1308,733,154,349,40,575,267,206,70,421,555,110
1500000US131210015003,131210015003,"Block Group 3, Census Tract 15, Fulton County, Georgia",774,253,189,64,0,521,446,58,17,635,122,17
1500000US131210015004,131210015004,"Block Group 4, Census Tract 15, Fulton County, Georgia",900,477,132,225,50,423,199,186,17,331,411,67
1500000US131210016001,131210016001,"Block Group 1, Census Tract 16, Fulton County, Georgia",2090,1177,744,327,34,913,601,203,15,1345,530,49
1500000US131210017001,131210017001,"Block Group 1, Census Tract 17, Fulton County, Georgia",2620,1230,523,448,142,1390,770,357,93,1293,805,235
1500000US131210017002,131210017002,"Block Group 2, Census Tract 17, Fulton County, Georgia",1111,603,354,70,0,508,208,135,49,562,205,49
1500000US131210018001,131210018001,"Block Group 1, Census Tract 18, Fulton County, Georgia",2684,1255,566,415,84,1429,614,416,154,1180,831,238
1500000US131210018002,131210018002,"Block Group 2, Census Tract 18, Fulton County, Georgia",763,417,15,205,88,346,99,93,83,114,298,171
1500000US131210018003,131210018003,"Block Group 3, Census Tract 18, Fulton County, Georgia",1082,712,445,194,60,370,285,85,0,730,279,60
1500000US131210019001,131210019001,"Block Group 1, Census Tract 19, Fulton County, Georgia",2837,1813,1785,19,0,1024,972,15,5,2757,34,5
1500000US131210019002,131210019002,"Block Group 2, Census Tract 19, Fulton County, Georgia",2140,1232,604,501,49,908,627,239,20,1231,740,69
1500000US131210021001,131210021001,"Block Group 1, Census Tract 21, Fulton County, Georgia",2785,1563,746,654,20,1222,534,354,68,1280,1008,88
1500000US131210023001,131210023001,"Block Group 1, Census Tract 23, Fulton County, Georgia",335,140,63,58,19,195,58,32,16,121,90,35
1500000US131210023002,131210023002,"Block Group 2, Census Tract 23, Fulton County, Georgia",462,268,64,110,94,194,38,70,58,102,180,152
1500000US131210023003,131210023003,"Block Group 3, Census Tract 23, Fulton County, Georgia",447,229,57,70,39,218,48,103,41,105,173,80
1500000US131210024001,131210024001,"Block Group 1, Census Tract 24, Fulton County, Georgia",1432,698,282,174,26,734,245,203,98,527,377,124
1500000US131210024002,131210024002,"Block Group 2, Census Tract 24, Fulton County, Georgia",1072,552,133,229,98,520,115,159,144,248,388,242
1500000US131210025001,131210025001,"Block Group 1, Census Tract 25, Fulton County, Georgia",1596,806,263,262,33,790,401,172,85,664,434,118
1500000US131210025002,131210025002,"Block Group 2, Census Tract 25, Fulton County, Georgia",609,399,220,102,45,210,61,66,47,281,168,92
1500000US131210026001,131210026001,"Block Group 1, Census Tract 26, Fulton County, Georgia",1229,685,327,133,17,544,221,123,26,548,256,43
1500000US131210028001,131210028001,"Block Group 1, Census Tract 28, Fulton County, Georgia",4148,1874,1567,214,75,2274,2055,123,38,3622,337,113
1500000US131210028002,131210028002,"Block Group 2, Census Tract 28, Fulton County, Georgia",506,181,19,118,44,325,179,0,79,198,118,123
1500000US131210029001,131210029001,"Block Group 1, Census Tract 29, Fulton County, Georgia",2578,1456,860,441,68,1122,790,202,103,1650,643,171
1500000US131210030001,131210030001,"Block Group 1, Census Tract 30, Fulton County, Georgia",1472,653,345,240,33,819,491,214,23,836,454,56
1500000US131210030002,131210030002,"Block Group 2, Census Tract 30, Fulton County, Georgia",1605,845,418,255,80,760,203,292,54,621,547,134
1500000US131210031001,131210031001,"Block Group 1, Census Tract 31, Fulton County, Georgia",971,473,266,119,0,498,357,56,43,623,175,43
1500000US131210031002,131210031002,"Block Group 2, Census Tract 31, Fulton County, Georgia",916,523,308,135,35,393,116,156,21,424,291,56
1500000US131210032001,131210032001,"Block Group 1, Census Tract 32, Fulton County, Georgia",2150,1104,695,331,37,1046,717,232,40,1412,563,77
1500000US131210035001,131210035001,"Block Group 1, Census Tract 35, Fulton County, Georgia",671,353,148,194,11,318,250,68,0,398,262,11
1500000US131210035002,131210035002,"Block Group 2, Census Tract 35, Fulton County, Georgia",1436,969,421,513,14,467,250,199,3,671,712,17
1500000US131210036001,131210036001,"Block Group 1, Census Tract 36, Fulton County, Georgia",1453,793,479,130,97,660,413,111,52,892,241,149
1500000US131210037001,131210037001,"Block Group 1, Census Tract 37, Fulton County, Georgia",0,0,0,0,0,0,0,0,0,0,0,0
1500000US131210038001,131210038001,"Block Group 1, Census Tract 38, Fulton County, Georgia",3872,2346,2195,90,15,1526,1422,60,14,3617,150,29
1500000US131210039001,131210039001,"Block Group 1, Census Tract 39, Fulton County, Georgia",1172,503,170,124,49,669,121,199,113,291,323,162
1500000US131210039002,131210039002,"Block Group 2, Census Tract 39, Fulton County, Georgia",768,325,101,89,22,443,221,73,17,322,162,39
1500000US131210040001,131210040001,"Block Group 1, Census Tract 40, Fulton County, Georgia",1148,571,235,145,57,577,134,261,124,369,406,181
1500000US131210040002,131210040002,"Block Group 2, Census Tract 40, Fulton County, Georgia",635,322,104,96,18,313,112,79,48,216,175,66
1500000US131210040003,131210040003,"Block Group 3, Census Tract 40, Fulton County, Georgia",625,323,60,113,42,302,45,189,56,105,302,98
1500000US131210041001,131210041001,"Block Group 1, Census Tract 41, Fulton County, Georgia",503,247,84,81,16,256,93,65,31,177,146,47
1500000US131210041002,131210041002,"Block Group 2, Census Tract 41, Fulton County, Georgia",904,323,42,127,7,581,214,102,34,256,229,41
1500000US131210041003,131210041003,"Block Group 3, Census Tract 41, Fulton County, Georgia",499,254,112,108,12,245,74,94,39,186,202,51
1500000US131210042001,131210042001,"Block Group 1, Census Tract 42, Fulton County, Georgia",414,146,37,56,29,268,120,57,72,157,113,101
1500000US131210042002,131210042002,"Block Group 2, Census Tract 42, Fulton County, Georgia",1813,743,253,266,136,1070,338,402,205,591,668,341
1500000US131210043001,131210043001,"Block Group 1, Census Tract 43, Fulton County, Georgia",1593,55,55,0,0,1538,1517,11,0,1572,11,0
1500000US131210043002,131210043002,"Block Group 2, Census Tract 43, Fulton County, Georgia",1181,628,318,192,16,553,297,174,9,615,366,25
1500000US131210044001,131210044001,"Block Group 1, Census Tract 44, Fulton County, Georgia",2509,1059,310,241,84,1450,743,175,57,1053,416,141
1500000US131210048001,131210048001,"Block Group 1, Census Tract 48, Fulton County, Georgia",1048,439,224,146,12,609,231,159,119,455,305,131
1500000US131210049001,131210049001,"Block Group 1, Census Tract 49, Fulton County, Georgia",1494,632,241,202,10,862,180,275,123,421,477,133
1500000US131210049002,131210049002,"Block Group 2, Census Tract 49, Fulton County, Georgia",1397,752,410,145,30,645,232,288,20,642,433,50
1500000US131210050001,131210050001,"Block Group 1, Census Tract 50, Fulton County, Georgia",2065,1091,496,342,101,974,500,268,104,996,610,205
1500000US131210052001,131210052001,"Block Group 1, Census Tract 52, Fulton County, Georgia",931,543,255,238,10,388,227,47,70,482,285,80
1500000US131210052002,131210052002,"Block Group 2, Census Tract 52, Fulton County, Georgia",1262,464,189,95,21,798,226,179,65,415,274,86
1500000US131210052003,131210052003,"Block Group 3, Census Tract 52, Fulton County, Georgia",2988,1416,737,441,45,1572,933,400,55,1670,841,100
1500000US131210053001,131210053001,"Block Group 1, Census Tract 53, Fulton County, Georgia",1730,789,229,308,74,941,375,350,31,604,658,105
1500000US131210053002,131210053002,"Block Group 2, Census Tract 53, Fulton County, Georgia",1285,526,170,219,27,759,197,254,72,367,473,99
1500000US131210053003,131210053003,"Block Group 3, Census Tract 53, Fulton County, Georgia",688,354,171,132,0,334,143,150,6,314,282,6
1500000US131210055011,131210055011,"Block Group 1, Census Tract 55.01, Fulton County, Georgia",1050,654,432,102,39,396,178,127,44,610,229,83
1500000US131210055012,131210055012,"Block Group 2, Census Tract 55.01, Fulton County, Georgia",1483,692,283,159,35,791,350,193,55,633,352,90
1500000US131210055021,131210055021,"Block Group 1, Census Tract 55.02, Fulton County, Georgia",2422,991,382,199,30,1431,524,305,170,906,504,200
1500000US131210057001,131210057001,"Block Group 1, Census Tract 57, Fulton County, Georgia",1655,911,283,256,81,744,273,214,106,556,470,187
1500000US131210058001,131210058001,"Block Group 1, Census Tract 58, Fulton County, Georgia",2023,976,339,259,73,1047,373,351,64,712,610,137
1500000US131210060001,131210060001,"Block Group 1, Census Tract 60, Fulton County, Georgia",600,124,42,43,0,476,225,41,75,267,84,75
1500000US131210060002,131210060002,"Block Group 2, Census Tract 60, Fulton County, Georgia",1139,561,80,275,61,578,102,184,130,182,459,191
1500000US131210060003,131210060003,"Block Group 3, Census Tract 60, Fulton County, Georgia",785,362,138,135,28,423,65,186,43,203,321,71
1500000US131210060004,131210060004,"Block Group 4, Census Tract 60, Fulton County, Georgia",736,350,33,162,43,386,84,126,83,117,288,126
1500000US131210061001,131210061001,"Block Group 1, Census Tract 61, Fulton County, Georgia",580,331,70,130,64,249,85,68,56,155,198,120
1500000US131210061002,131210061002,"Block Group 2, Census Tract 61, Fulton County, Georgia",1295,416,48,171,44,879,275,282,98,323,453,142
1500000US131210061003,131210061003,"Block Group 3, Census Tract 61, Fulton County, Georgia",730,365,189,86,64,365,96,131,126,285,217,190
1500000US131210061004,131210061004,"Block Group 4, Census Tract 61, Fulton County, Georgia",1067,527,129,178,16,540,203,129,102,332,307,118
1500000US131210062001,131210062001,"Block Group 1, Census Tract 62, Fulton County, Georgia",943,492,156,190,37,451,198,132,33,354,322,70
1500000US131210062002,131210062002,"Block Group 2, Census Tract 62, Fulton County, Georgia",532,282,101,50,15,250,79,87,23,180,137,38
1500000US131210063001,131210063001,"Block Group 1, Census Tract 63, Fulton County, Georgia",1079,613,196,251,84,466,116,207,80,312,458,164
1500000US131210063002,131210063002,"Block Group 2, Census Tract 63, Fulton County, Georgia",571,243,74,81,20,328,93,103,14,167,184,34
1500000US131210064001,131210064001,"Block Group 1, Census Tract 64, Fulton County, Georgia",1175,540,257,157,27,635,280,235,21,537,392,48
1500000US131210065001,131210065001,"Block Group 1, Census Tract 65, Fulton County, Georgia",683,382,193,111,40,301,67,162,63,260,273,103
1500000US131210065002,131210065002,"Block Group 2, Census Tract 65, Fulton County, Georgia",1683,794,261,206,118,889,218,398,102,479,604,220
1500000US131210065003,131210065003,"Block Group 3, Census Tract 65, Fulton County, Georgia",605,325,40,249,0,280,83,100,70,123,349,70
1500000US131210065004,131210065004,"Block Group 4, Census Tract 65, Fulton County, Georgia",1312,614,155,307,24,698,256,258,27,411,565,51
1500000US131210066011,131210066011,"Block Group 1, Census Tract 66.01, Fulton County, Georgia",853,428,136,191,5,425,144,166,44,280,357,49
1500000US131210066012,131210066012,"Block Group 2, Census Tract 66.01, Fulton County, Georgia",1364,657,261,176,45,707,204,351,52,465,527,97
1500000US131210066021,131210066021,"Block Group 1, Census Tract 66.02, Fulton County, Georgia",1369,697,220,162,48,672,241,191,35,461,353,83
1500000US131210067001,131210067001,"Block Group 1, Census Tract 67, Fulton County, Georgia",833,359,129,79,78,474,101,213,101,230,292,179
1500000US131210067002,131210067002,"Block Group 2, Census Tract 67, Fulton County, Georgia",1560,756,177,278,103,804,181,306,149,358,584,252
1500000US131210067003,131210067003,"Block Group 3, Census Tract 67, Fulton County, Georgia",1348,659,260,150,101,689,218,256,87,478,406,188
1500000US131210068011,131210068011,"Block Group 1, Census Tract 68.01, Fulton County, Georgia",2382,2367,1157,1106,104,15,0,15,0,1157,1121,104
1500000US131210068021,131210068021,"Block Group 1, Census Tract 68.02, Fulton County, Georgia",1992,792,104,81,22,1200,461,183,35,565,264,57
1500000US131210069001,131210069001,"Block Group 1, Census Tract 69, Fulton County, Georgia",974,380,204,84,11,594,248,118,20,452,202,31
1500000US131210069002,131210069002,"Block Group 2, Census Tract 69, Fulton County, Georgia",1335,735,286,261,23,600,241,249,21,527,510,44
1500000US131210069003,131210069003,"Block Group 3, Census Tract 69, Fulton County, Georgia",1242,672,309,268,33,570,214,197,64,523,465,97
1500000US131210070011,131210070011,"Block Group 1, Census Tract 70.01, Fulton County, Georgia",2406,938,295,192,76,1468,464,465,78,759,657,154
1500000US131210070012,131210070012,"Block Group 2, Census Tract 70.01, Fulton County, Georgia",1168,595,97,247,97,573,158,201,68,255,448,165
1500000US131210070013,131210070013,"Block Group 3, Census Tract 70.01, Fulton County, Georgia",1190,542,185,108,23,648,292,150,56,477,258,79
1500000US131210070021,131210070021,"Block Group 1, Census Tract 70.02, Fulton County, Georgia",860,262,70,98,0,598,261,140,18,331,238,18
1500000US131210070022,131210070022,"Block Group 2, Census Tract 70.02, Fulton County, Georgia",429,145,38,64,26,284,142,83,10,180,147,36
1500000US131210070023,131210070023,"Block Group 3, Census Tract 70.02, Fulton County, Georgia",297,226,179,19,26,71,16,30,24,195,49,50
1500000US131210070024,131210070024,"Block Group 4, Census Tract 70.02, Fulton County, Georgia",302,184,70,35,0,118,61,0,0,131,35,0
1500000US131210071001,131210071001,"Block Group 1, Census Tract 71, Fulton County, Georgia",868,434,84,194,33,434,124,158,51,208,352,84
1500000US131210071002,131210071002,"Block Group 2, Census Tract 71, Fulton County, Georgia",1151,467,94,222,46,684,245,184,124,339,406,170
1500000US131210072001,131210072001,"Block Group 1, Census Tract 72, Fulton County, Georgia",1687,762,183,214,75,925,346,287,89,529,501,164
1500000US131210072002,131210072002,"Block Group 2, Census Tract 72, Fulton County, Georgia",342,164,32,74,4,178,73,35,29,105,109,33
1500000US131210073001,131210073001,"Block Group 1, Census Tract 73, Fulton County, Georgia",2642,1198,457,328,154,1444,553,485,168,1010,813,322
1500000US131210073002,131210073002,"Block Group 2, Census Tract 73, Fulton County, Georgia",3397,1473,621,266,30,1924,725,579,88,1346,845,118
1500000US131210073003,131210073003,"Block Group 3, Census Tract 73, Fulton County, Georgia",1913,591,257,98,46,1322,371,410,92,628,508,138
1500000US131210074001,131210074001,"Block Group 1, Census Tract 74, Fulton County, Georgia",1409,699,295,225,32,710,300,205,53,595,430,85
1500000US131210074002,131210074002,"Block Group 2, Census Tract 74, Fulton County, Georgia",1616,826,199,305,145,790,160,138,329,359,443,474
1500000US131210075001,131210075001,"Block Group 1, Census Tract 75, Fulton County, Georgia",1087,383,83,171,24,704,274,241,43,357,412,67
1500000US131210075002,131210075002,"Block Group 2, Census Tract 75, Fulton County, Georgia",511,298,133,75,11,213,38,113,14,171,188,25
1500000US131210075003,131210075003,"Block Group 3, Census Tract 75, Fulton County, Georgia",846,409,112,210,68,437,64,194,127,176,404,195
1500000US131210075004,131210075004,"Block Group 4, Census Tract 75, Fulton County, Georgia",815,362,123,76,9,453,190,119,40,313,195,49
1500000US131210076021,131210076021,"Block Group 1, Census Tract 76.02, Fulton County, Georgia",612,240,38,100,49,372,58,161,48,96,261,97
1500000US131210076022,131210076022,"Block Group 2, Census Tract 76.02, Fulton County, Georgia",903,468,106,218,77,435,125,191,65,231,409,142
1500000US131210076023,131210076023,"Block Group 3, Census Tract 76.02, Fulton County, Georgia",1055,440,90,119,62,615,149,148,139,239,267,201
1500000US131210076031,131210076031,"Block Group 1, Census Tract 76.03, Fulton County, Georgia",1553,744,253,140,38,809,281,224,69,534,364,107
1500000US131210076032,131210076032,"Block Group 2, Census Tract 76.03, Fulton County, Georgia",1630,564,178,153,60,1066,370,287,208,548,440,268
1500000US131210076033,131210076033,"Block Group 3, Census Tract 76.03, Fulton County, Georgia",1332,601,217,101,82,731,313,231,90,530,332,172
1500000US131210076041,131210076041,"Block Group 1, Census Tract 76.04, Fulton County, Georgia",2331,952,387,285,56,1379,371,530,196,758,815,252
1500000US131210077031,131210077031,"Block Group 1, Census Tract 77.03, Fulton County, Georgia",1071,453,156,89,54,618,201,244,73,357,333,127
1500000US131210077032,131210077032,"Block Group 2, Census Tract 77.03, Fulton County, Georgia",1740,816,187,309,113,924,289,202,233,476,511,346
1500000US131210077033,131210077033,"Block Group 3, Census Tract 77.03, Fulton County, Georgia",1341,518,185,82,72,823,244,227,158,429,309,230
1500000US131210077041,131210077041,"Block Group 1, Census Tract 77.04, Fulton County, Georgia",817,297,34,120,9,520,223,160,15,257,280,24
1500000US131210077042,131210077042,"Block Group 2, Census Tract 77.04, Fulton County, Georgia",2156,985,277,290,109,1171,355,343,95,632,633,204
1500000US131210077043,131210077043,"Block Group 3, Census Tract 77.04, Fulton County, Georgia",2344,832,255,308,80,1512,565,500,192,820,808,272
1500000US131210077051,131210077051,"Block Group 1, Census Tract 77.05, Fulton County, Georgia",2517,1195,351,152,41,1322,658,283,62,1009,435,103
1500000US131210077052,131210077052,"Block Group 2, Census Tract 77.05, Fulton County, Georgia",2504,908,348,188,268,1596,462,371,477,810,559,745
1500000US131210077061,131210077061,"Block Group 1, Census Tract 77.06, Fulton County, Georgia",2820,1302,447,201,104,1518,481,526,142,928,727,246
1500000US131210077062,131210077062,"Block Group 2, Census Tract 77.06, Fulton County, Georgia",2248,896,380,161,218,1352,558,316,334,938,477,552
1500000US131210077063,131210077063,"Block Group 3, Census Tract 77.06, Fulton County, Georgia",4422,1897,1131,226,92,2525,1185,591,263,2316,817,355
1500000US131210078021,131210078021,"Block Group 1, Census Tract 78.02, Fulton County, Georgia",4140,1812,942,449,120,2328,1022,658,181,1964,1107,301
1500000US131210078022,131210078022,"Block Group 2, Census Tract 78.02, Fulton County, Georgia",2852,1517,477,523,125,1335,321,549,141,798,1072,266
1500000US131210078023,131210078023,"Block Group 3, Census Tract 78.02, Fulton County, Georgia",1207,497,99,340,58,710,284,115,79,383,455,137
1500000US131210078024,131210078024,"Block Group 4, Census Tract 78.02, Fulton County, Georgia",1815,871,183,332,71,944,166,420,96,349,752,167
1500000US131210078051,131210078051,"Block Group 1, Census Tract 78.05, Fulton County, Georgia",1381,883,325,373,50,498,139,116,208,464,489,258
1500000US131210078052,131210078052,"Block Group 2, Census Tract 78.05, Fulton County, Georgia",1763,825,276,291,74,938,170,482,166,446,773,240
1500000US131210078061,131210078061,"Block Group 1, Census Tract 78.06, Fulton County, Georgia",1676,913,166,363,85,763,190,259,135,356,622,220
1500000US131210078062,131210078062,"Block Group 2, Census Tract 78.06, Fulton County, Georgia",3863,1152,167,320,34,2711,769,892,312,936,1212,346
1500000US131210078063,131210078063,"Block Group 3, Census Tract 78.06, Fulton County, Georgia",1055,552,157,210,159,503,43,335,101,200,545,260
1500000US131210078071,131210078071,"Block Group 1, Census Tract 78.07, Fulton County, Georgia",2537,1074,298,244,64,1463,383,384,160,681,628,224
1500000US131210078072,131210078072,"Block Group 2, Census Tract 78.07, Fulton County, Georgia",666,279,24,124,46,387,129,148,59,153,272,105
1500000US131210078081,131210078081,"Block Group 1, Census Tract 78.08, Fulton County, Georgia",1900,715,138,152,47,1185,396,308,126,534,460,173
1500000US131210078082,131210078082,"Block Group 2, Census Tract 78.08, Fulton County, Georgia",2587,1050,227,97,20,1537,600,241,37,827,338,57
1500000US131210079001,131210079001,"Block Group 1, Census Tract 79, Fulton County, Georgia",1819,965,298,347,198,854,128,354,287,426,701,485
1500000US131210079002,131210079002,"Block Group 2, Census Tract 79, Fulton County, Georgia",1231,363,77,157,111,868,235,294,270,312,451,381
1500000US131210079003,131210079003,"Block Group 3, Census Tract 79, Fulton County, Georgia",2751,1047,361,308,165,1704,509,494,415,870,802,580
1500000US131210080001,131210080001,"Block Group 1, Census Tract 80, Fulton County, Georgia",1064,433,154,144,34,631,198,248,122,352,392,156
1500000US131210080002,131210080002,"Block Group 2, Census Tract 80, Fulton County, Georgia",1205,539,103,189,91,666,231,191,129,334,380,220
1500000US131210080003,131210080003,"Block Group 3, Census Tract 80, Fulton County, Georgia",496,156,16,63,8,340,85,85,62,101,148,70
1500000US131210080004,131210080004,"Block Group 4, Census Tract 80, Fulton County, Georgia",1255,602,131,131,89,653,185,181,106,316,312,195
1500000US131210080005,131210080005,"Block Group 5, Census Tract 80, Fulton County, Georgia",1402,759,154,236,154,643,99,241,225,253,477,379
1500000US131210081011,131210081011,"Block Group 1, Census Tract 81.01, Fulton County, Georgia",1138,634,145,219,117,504,130,192,152,275,411,269
1500000US131210081021,131210081021,"Block Group 1, Census Tract 81.02, Fulton County, Georgia",1278,832,233,294,98,446,67,158,134,300,452,232
1500000US131210081022,131210081022,"Block Group 2, Census Tract 81.02, Fulton County, Georgia",940,414,85,31,78,526,55,248,68,140,279,146
1500000US131210081023,131210081023,"Block Group 3, Census Tract 81.02, Fulton County, Georgia",2160,920,286,192,15,1240,548,366,133,834,558,148
1500000US131210081024,131210081024,"Block Group 4, Census Tract 81.02, Fulton County, Georgia",2653,941,123,325,142,1712,695,481,246,818,806,388
1500000US131210082011,131210082011,"Block Group 1, Census Tract 82.01, Fulton County, Georgia",1951,805,194,398,116,1146,212,375,449,406,773,565
1500000US131210082012,131210082012,"Block Group 2, Census Tract 82.01, Fulton County, Georgia",3083,1241,301,253,307,1842,629,444,463,930,697,770
1500000US131210082013,131210082013,"Block Group 3, Census Tract 82.01, Fulton County, Georgia",965,432,172,48,65,533,158,128,111,330,176,176
1500000US131210082021,131210082021,"Block Group 1, Census Tract 82.02, Fulton County, Georgia",948,386,78,153,55,562,137,169,115,215,322,170
1500000US131210082022,131210082022,"Block Group 2, Census Tract 82.02, Fulton County, Georgia",836,337,97,73,61,499,141,135,130,238,208,191
1500000US131210082023,131210082023,"Block Group 3, Census Tract 82.02, Fulton County, Georgia",264,92,29,31,13,172,88,40,8,117,71,21
1500000US131210082024,131210082024,"Block Group 4, Census Tract 82.02, Fulton County, Georgia",0,0,0,0,0,0,0,0,0,0,0,0
1500000US131210083011,131210083011,"Block Group 1, Census Tract 83.01, Fulton County, Georgia",1691,901,268,281,108,790,234,264,132,502,545,240
1500000US131210083012,131210083012,"Block Group 2, Census Tract 83.01, Fulton County, Georgia",604,234,67,39,80,370,82,150,88,149,189,168
1500000US131210083021,131210083021,"Block Group 1, Census Tract 83.02, Fulton County, Georgia",793,395,146,107,31,398,183,85,100,329,192,131
1500000US131210083022,131210083022,"Block Group 2, Census Tract 83.02, Fulton County, Georgia",1148,625,268,182,152,523,90,141,216,358,323,368
1500000US131210084001,131210084001,"Block Group 1, Census Tract 84, Fulton County, Georgia",1472,773,255,296,45,699,207,267,100,462,563,145
1500000US131210084002,131210084002,"Block Group 2, Census Tract 84, Fulton County, Georgia",883,472,102,156,99,411,112,128,70,214,284,169
1500000US131210084003,131210084003,"Block Group 3, Census Tract 84, Fulton County, Georgia",963,341,38,121,145,622,381,94,103,419,215,248
1500000US131210085001,131210085001,"Block Group 1, Census Tract 85, Fulton County, Georgia",565,295,86,132,77,270,62,143,50,148,275,127
1500000US131210085002,131210085002,"Block Group 2, Census Tract 85, Fulton County, Georgia",1248,532,86,142,112,716,234,108,139,320,250,251
1500000US131210085003,131210085003,"Block Group 3, Census Tract 85, Fulton County, Georgia",1222,592,320,67,127,630,203,115,130,523,182,257
1500000US131210086011,131210086011,"Block Group 1, Census Tract 86.01, Fulton County, Georgia",1663,624,164,7,49,1039,437,56,60,601,63,109
1500000US131210086012,131210086012,"Block Group 2, Census Tract 86.01, Fulton County, Georgia",1001,441,102,128,84,560,193,140,86,295,268,170
1500000US131210086013,131210086013,"Block Group 3, Census Tract 86.01, Fulton County, Georgia",1414,799,251,303,158,615,115,216,204,366,519,362
1500000US131210086014,131210086014,"Block Group 4, Census Tract 86.01, Fulton County, Georgia",348,198,86,65,47,150,33,52,55,119,117,102
1500000US131210086021,131210086021,"Block Group 1, Census Tract 86.02, Fulton County, Georgia",803,340,119,143,42,463,151,145,32,270,288,74
1500000US131210086022,131210086022,"Block Group 2, Census Tract 86.02, Fulton County, Georgia",260,102,5,52,24,158,44,31,80,49,83,104
1500000US131210087001,131210087001,"Block Group 1, Census Tract 87, Fulton County, Georgia",1009,408,131,121,47,601,211,145,104,342,266,151
1500000US131210087002,131210087002,"Block Group 2, Census Tract 87, Fulton County, Georgia",818,420,226,58,46,398,84,182,29,310,240,75
1500000US131210087003,131210087003,"Block Group 3, Census Tract 87, Fulton County, Georgia",969,351,149,55,63,618,266,171,118,415,226,181
1500000US131210087004,131210087004,"Block Group 4, Census Tract 87, Fulton County, Georgia",1568,557,138,206,135,1011,421,151,286,559,357,421
1500000US131210088001,131210088001,"Block Group 1, Census Tract 88, Fulton County, Georgia",2944,1495,515,428,130,1449,590,332,202,1105,760,332
1500000US131210088002,131210088002,"Block Group 2, Census Tract 88, Fulton County, Georgia",1625,805,440,139,37,820,373,317,57,813,456,94
1500000US131210089021,131210089021,"Block Group 1, Census Tract 89.02, Fulton County, Georgia",1876,846,714,116,10,1030,769,210,44,1483,326,54
1500000US131210089022,131210089022,"Block Group 2, Census Tract 89.02, Fulton County, Georgia",659,363,207,129,11,296,98,67,19,305,196,30
1500000US131210089023,131210089023,"Block Group 3, Census Tract 89.02, Fulton County, Georgia",1280,736,393,270,14,544,365,112,28,758,382,42
1500000US131210089024,131210089024,"Block Group 4, Census Tract 89.02, Fulton County, Georgia",2722,1244,737,296,110,1478,775,393,17,1512,689,127
1500000US131210089031,131210089031,"Block Group 1, Census Tract 89.03, Fulton County, Georgia",1684,919,549,218,20,765,392,171,26,941,389,46
1500000US131210089041,131210089041,"Block Group 1, Census Tract 89.04, Fulton County, Georgia",1323,633,187,227,127,690,227,182,184,414,409,311
1500000US131210089042,131210089042,"Block Group 2, Census Tract 89.04, Fulton County, Georgia",1638,733,411,219,26,905,473,169,154,884,388,180
1500000US131210089043,131210089043,"Block Group 3, Census Tract 89.04, Fulton County, Georgia",1611,610,259,183,62,1001,311,369,121,570,552,183
1500000US131210090001,131210090001,"Block Group 1, Census Tract 90, Fulton County, Georgia",1350,759,257,216,87,591,143,210,59,400,426,146
1500000US131210090002,131210090002,"Block Group 2, Census Tract 90, Fulton County, Georgia",1769,968,258,210,28,801,224,262,29,482,472,57
1500000US131210090003,131210090003,"Block Group 3, Census Tract 90, Fulton County, Georgia",1829,882,508,201,25,947,531,170,27,1039,371,52
1500000US131210091011,131210091011,"Block Group 1, Census Tract 91.01, Fulton County, Georgia",1369,786,224,118,281,583,231,192,160,455,310,441
1500000US131210091012,131210091012,"Block Group 2, Census Tract 91.01, Fulton County, Georgia",1565,631,442,112,14,934,679,124,37,1121,236,51
1500000US131210091013,131210091013,"Block Group 3, Census Tract 91.01, Fulton County, Georgia",627,346,239,75,13,281,146,90,0,385,165,13
1500000US131210091014,131210091014,"Block Group 4, Census Tract 91.01, Fulton County, Georgia",1001,559,343,138,63,442,252,102,35,595,240,98
1500000US131210091021,131210091021,"Block Group 1, Census Tract 91.02, Fulton County, Georgia",443,184,46,72,15,259,32,129,0,78,201,15
1500000US131210091022,131210091022,"Block Group 2, Census Tract 91.02, Fulton County, Georgia",963,347,249,39,59,616,448,81,87,697,120,146
1500000US131210091023,131210091023,"Block Group 3, Census Tract 91.02, Fulton County, Georgia",1840,817,457,295,18,1023,597,188,17,1054,483,35
1500000US131210092001,131210092001,"Block Group 1, Census Tract 92, Fulton County, Georgia",2404,1419,664,636,34,985,526,215,56,1190,851,90
1500000US131210092002,131210092002,"Block Group 2, Census Tract 92, Fulton County, Georgia",2976,1695,679,539,23,1281,648,129,14,1327,668,37
1500000US131210092003,131210092003,"Block Group 3, Census Tract 92, Fulton County, Georgia",1703,942,529,251,100,761,349,189,197,878,440,297
1500000US131210093001,131210093001,"Block Group 1, Census Tract 93, Fulton County, Georgia",1079,402,80,165,77,677,137,253,150,217,418,227
1500000US131210093002,131210093002,"Block Group 2, Census Tract 93, Fulton County, Georgia",1319,650,484,85,48,669,430,146,46,914,231,94
1500000US131210093003,131210093003,"Block Group 3, Census Tract 93, Fulton County, Georgia",1510,721,440,146,61,789,321,263,97,761,409,158
1500000US131210093004,131210093004,"Block Group 4, Census Tract 93, Fulton County, Georgia",750,299,10,112,146,451,79,119,178,89,231,324
1500000US131210094021,131210094021,"Block Group 1, Census Tract 94.02, Fulton County, Georgia",2795,1683,1399,211,16,1112,974,81,3,2373,292,19
1500000US131210094022,131210094022,"Block Group 2, Census Tract 94.02, Fulton County, Georgia",2227,1210,760,206,12,1017,552,190,19,1312,396,31
1500000US131210094031,131210094031,"Block Group 1, Census Tract 94.03, Fulton County, Georgia",2448,1228,612,327,70,1220,773,259,144,1385,586,214
1500000US131210094032,131210094032,"Block Group 2, Census Tract 94.03, Fulton County, Georgia",1245,431,352,12,0,814,492,248,0,844,260,0
1500000US131210094033,131210094033,"Block Group 3, Census Tract 94.03, Fulton County, Georgia",1279,513,322,122,23,766,257,229,145,579,351,168
1500000US131210094041,131210094041,"Block Group 1, Census Tract 94.04, Fulton County, Georgia",2515,1038,455,382,112,1477,503,406,211,958,788,323
1500000US131210094042,131210094042,"Block Group 2, Census Tract 94.04, Fulton County, Georgia",1995,952,641,193,24,1043,614,190,137,1255,383,161
1500000US131210094043,131210094043,"Block Group 3, Census Tract 94.04, Fulton County, Georgia",311,149,34,56,24,162,30,87,26,64,143,50
1500000US131210095011,131210095011,"Block Group 1, Census Tract 95.01, Fulton County, Georgia",470,206,5,135,48,264,49,154,52,54,289,100
1500000US131210095012,131210095012,"Block Group 2, Census Tract 95.01, Fulton County, Georgia",1736,869,83,398,286,867,95,340,352,178,738,638
1500000US131210095013,131210095013,"Block Group 3, Census Tract 95.01, Fulton County, Georgia",1588,788,176,279,108,800,113,334,123,289,613,231
1500000US131210095021,131210095021,"Block Group 1, Census Tract 95.02, Fulton County, Georgia",490,194,59,100,0,296,42,153,29,101,253,29
1500000US131210095022,131210095022,"Block Group 2, Census Tract 95.02, Fulton County, Georgia",297,126,28,70,28,171,39,16,65,67,86,93
1500000US131210095023,131210095023,"Block Group 3, Census Tract 95.02, Fulton County, Georgia",960,395,237,74,0,565,211,185,84,448,259,84
1500000US131210095024,131210095024,"Block Group 4, Census Tract 95.02, Fulton County, Georgia",1317,636,217,196,94,681,174,168,273,391,364,367
1500000US131210096011,131210096011,"Block Group 1, Census Tract 96.01, Fulton County, Georgia",1003,487,287,128,22,516,394,86,14,681,214,36
1500000US131210096012,131210096012,"Block Group 2, Census Tract 96.01, Fulton County, Georgia",1414,592,393,101,24,822,538,108,64,931,209,88
1500000US131210096021,131210096021,"Block Group 1, Census Tract 96.02, Fulton County, Georgia",1249,493,84,144,245,756,127,123,506,211,267,751
1500000US131210096022,131210096022,"Block Group 2, Census Tract 96.02, Fulton County, Georgia",2131,1241,436,523,73,890,241,331,208,677,854,281
1500000US131210096023,131210096023,"Block Group 3, Census Tract 96.02, Fulton County, Georgia",1245,604,298,132,57,641,244,159,53,542,291,110
1500000US131210096031,131210096031,"Block Group 1, Census Tract 96.03, Fulton County, Georgia",1086,426,334,47,45,660,327,78,173,661,125,218
1500000US131210096032,131210096032,"Block Group 2, Census Tract 96.03, Fulton County, Georgia",1374,584,179,166,148,790,324,191,172,503,357,320
1500000US131210096033,131210096033,"Block Group 3, Census Tract 96.03, Fulton County, Georgia",1734,857,471,163,15,877,441,221,30,912,384,45
1500000US131210097001,131210097001,"Block Group 1, Census Tract 97, Fulton County, Georgia",995,494,114,161,64,501,83,236,49,197,397,113
1500000US131210097002,131210097002,"Block Group 2, Census Tract 97, Fulton County, Georgia",1032,547,71,178,87,485,77,202,108,148,380,195
1500000US131210097003,131210097003,"Block Group 3, Census Tract 97, Fulton County, Georgia",1896,910,90,419,177,986,204,368,164,294,787,341
1500000US131210098011,131210098011,"Block Group 1, Census Tract 98.01, Fulton County, Georgia",1826,839,106,306,219,987,137,301,410,243,607,629
1500000US131210098012,131210098012,"Block Group 2, Census Tract 98.01, Fulton County, Georgia",1692,817,78,293,118,875,118,324,105,196,617,223
1500000US131210098013,131210098013,"Block Group 3, Census Tract 98.01, Fulton County, Georgia",1375,651,181,228,68,724,96,290,63,277,518,131
1500000US131210098021,131210098021,"Block Group 1, Census Tract 98.02, Fulton County, Georgia",1774,855,45,376,206,919,86,378,178,131,754,384
1500000US131210098022,131210098022,"Block Group 2, Census Tract 98.02, Fulton County, Georgia",2710,1230,310,511,224,1480,386,500,227,696,1011,451
1500000US131210099001,131210099001,"Block Group 1, Census Tract 99, Fulton County, Georgia",1579,857,448,246,57,722,247,273,72,695,519,129
1500000US131210099002,131210099002,"Block Group 2, Census Tract 99, Fulton County, Georgia",1190,578,126,234,79,612,44,310,81,170,544,160
1500000US131210099003,131210099003,"Block Group 3, Census Tract 99, Fulton County, Georgia",1330,770,51,262,123,560,36,312,102,87,574,225
1500000US131210099004,131210099004,"Block Group 4, Census Tract 99, Fulton County, Georgia",669,342,14,154,40,327,62,146,31,76,300,71
1500000US131210100011,131210100011,"Block Group 1, Census Tract 100.01, Fulton County, Georgia",1482,731,323,176,76,751,348,214,158,671,390,234
1500000US131210100012,131210100012,"Block Group 2, Census Tract 100.01, Fulton County, Georgia",1076,514,102,145,79,562,92,234,60,194,379,139
1500000US131210100013,131210100013,"Block Group 3, Census Tract 100.01, Fulton County, Georgia",718,430,58,237,30,288,10,178,0,68,415,30
1500000US131210100014,131210100014,"Block Group 4, Census Tract 100.01, Fulton County, Georgia",1228,634,182,256,46,594,213,208,77,395,464,123
1500000US131210100021,131210100021,"Block Group 1, Census Tract 100.02, Fulton County, Georgia",1474,758,145,310,161,716,125,294,175,270,604,336
1500000US131210100022,131210100022,"Block Group 2, Census Tract 100.02, Fulton County, Georgia",2041,1116,155,402,66,925,180,296,122,335,698,188
1500000US131210100023,131210100023,"Block Group 3, Census Tract 100.02, Fulton County, Georgia",3894,1965,721,699,226,1929,712,598,416,1433,1297,642
1500000US131210101061,131210101061,"Block Group 1, Census Tract 101.06, Fulton County, Georgia",2099,931,389,321,128,1168,386,462,109,775,783,237
1500000US131210101062,131210101062,"Block Group 2, Census Tract 101.06, Fulton County, Georgia",881,346,142,80,24,535,325,100,32,467,180,56
1500000US131210101063,131210101063,"Block Group 3, Census Tract 101.06, Fulton County, Georgia",1087,553,27,216,116,534,68,177,146,95,393,262
1500000US131210101071,131210101071,"Block Group 1, Census Tract 101.07, Fulton County, Georgia",912,396,47,214,85,516,33,230,104,80,444,189
1500000US131210101072,131210101072,"Block Group 2, Census Tract 101.07, Fulton County, Georgia",1035,548,78,211,121,487,36,216,94,114,427,215
1500000US131210101081,131210101081,"Block Group 1, Census Tract 101.08, Fulton County, Georgia",1266,627,48,315,129,639,93,276,128,141,591,257
1500000US131210101082,131210101082,"Block Group 2, Census Tract 101.08, Fulton County, Georgia",2333,1196,206,530,146,1137,210,598,155,416,1128,301
1500000US131210101101,131210101101,"Block Group 1, Census Tract 101.10, Fulton County, Georgia",2609,1119,398,379,160,1490,472,508,266,870,887,426
1500000US131210101102,131210101102,"Block Group 2, Census Tract 101.10, Fulton County, Georgia",1118,508,207,101,32,610,345,123,60,552,224,92
1500000US131210101103,131210101103,"Block Group 3, Census Tract 101.10, Fulton County, Georgia",1756,813,319,175,142,943,222,218,401,541,393,543
1500000US131210101131,131210101131,"Block Group 1, Census Tract 101.13, Fulton County, Georgia",1749,801,363,337,24,948,333,472,22,696,809,46
1500000US131210101132,131210101132,"Block Group 2, Census Tract 101.13, Fulton County, Georgia",3024,1616,868,441,25,1408,731,397,0,1599,838,25
1500000US131210101133,131210101133,"Block Group 3, Census Tract 101.13, Fulton County, Georgia",1975,888,437,214,38,1087,348,171,60,785,385,98
1500000US131210101141,131210101141,"Block Group 1, Census Tract 101.14, Fulton County, Georgia",1953,956,274,222,231,997,303,320,206,577,542,437
1500000US131210101142,131210101142,"Block Group 2, Census Tract 101.14, Fulton County, Georgia",2988,1516,464,504,61,1472,424,237,45,888,741,106
1500000US131210101143,131210101143,"Block Group 3, Census Tract 101.14, Fulton County, Georgia",2408,1177,581,224,63,1231,692,175,221,1273,399,284
1500000US131210101151,131210101151,"Block Group 1, Census Tract 101.15, Fulton County, Georgia",2342,1020,219,399,214,1322,288,553,248,507,952,462
1500000US131210101171,131210101171,"Block Group 1, Census Tract 101.17, Fulton County, Georgia",2494,1012,542,183,39,1482,845,259,39,1387,442,78
1500000US131210101172,131210101172,"Block Group 2, Census Tract 101.17, Fulton County, Georgia",838,420,251,119,0,418,172,201,10,423,320,10
1500000US131210101181,131210101181,"Block Group 1, Census Tract 101.18, Fulton County, Georgia",3083,1639,588,424,85,1444,370,542,81,958,966,166
1500000US131210101182,131210101182,"Block Group 2, Census Tract 101.18, Fulton County, Georgia",974,473,116,223,12,501,172,131,23,288,354,35
1500000US131210101183,131210101183,"Block Group 3, Census Tract 101.18, Fulton County, Georgia",1377,471,174,176,0,906,415,176,65,589,352,65
1500000US131210101191,131210101191,"Block Group 1, Census Tract 101.19, Fulton County, Georgia",1407,779,419,185,42,628,239,272,48,658,457,90
1500000US131210101192,131210101192,"Block Group 2, Census Tract 101.19, Fulton County, Georgia",1999,1034,614,93,27,965,413,326,47,1027,419,74
1500000US131210101193,131210101193,"Block Group 3, Census Tract 101.19, Fulton County, Georgia",1678,523,205,122,0,1155,510,149,27,715,271,27
1500000US131210101201,131210101201,"Block Group 1, Census Tract 101.20, Fulton County, Georgia",2302,1150,665,218,77,1152,560,387,16,1225,605,93
1500000US131210101211,131210101211,"Block Group 1, Census Tract 101.21, Fulton County, Georgia",2199,1014,317,341,263,1185,401,273,352,718,614,615
1500000US131210101221,131210101221,"Block Group 1, Census Tract 101.22, Fulton County, Georgia",2320,1129,479,326,138,1191,452,300,174,931,626,312
1500000US131210101222,131210101222,"Block Group 2, Census Tract 101.22, Fulton County, Georgia",1853,752,312,268,43,1101,313,436,114,625,704,157
1500000US131210101223,131210101223,"Block Group 3, Census Tract 101.22, Fulton County, Georgia",2096,1144,718,189,17,952,667,120,41,1385,309,58
1500000US131210101231,131210101231,"Block Group 1, Census Tract 101.23, Fulton County, Georgia",2793,1365,493,232,154,1428,629,562,156,1122,794,310
1500000US131210101232,131210101232,"Block Group 2, Census Tract 101.23, Fulton County, Georgia",1401,564,175,147,79,837,148,233,249,323,380,328
1500000US131210101233,131210101233,"Block Group 3, Census Tract 101.23, Fulton County, Georgia",1704,761,104,136,115,943,367,213,33,471,349,148
1500000US131210102041,131210102041,"Block Group 1, Census Tract 102.04, Fulton County, Georgia",1056,518,78,215,132,538,114,188,91,192,403,223
1500000US131210102042,131210102042,"Block Group 2, Census Tract 102.04, Fulton County, Georgia",1991,992,138,460,111,999,200,451,142,338,911,253
1500000US131210102043,131210102043,"Block Group 3, Census Tract 102.04, Fulton County, Georgia",1242,590,59,230,154,652,88,181,195,147,411,349
1500000US131210102044,131210102044,"Block Group 4, Census Tract 102.04, Fulton County, Georgia",607,296,18,129,66,311,75,100,108,93,229,174
1500000US131210102051,131210102051,"Block Group 1, Census Tract 102.05, Fulton County, Georgia",938,488,144,185,25,450,142,156,87,286,341,112
1500000US131210102052,131210102052,"Block Group 2, Census Tract 102.05, Fulton County, Georgia",1057,450,201,123,58,607,305,118,98,506,241,156
1500000US131210102053,131210102053,"Block Group 3, Census Tract 102.05, Fulton County, Georgia",1933,943,188,437,64,990,235,369,139,423,806,203
1500000US131210102054,131210102054,"Block Group 4, Census Tract 102.05, Fulton County, Georgia",1050,437,34,170,198,613,84,251,239,118,421,437
1500000US131210102061,131210102061,"Block Group 1, Census Tract 102.06, Fulton County, Georgia",2365,959,157,462,129,1406,353,526,273,510,988,402
1500000US131210102062,131210102062,"Block Group 2, Census Tract 102.06, Fulton County, Georgia",1552,714,45,379,190,838,44,456,203,89,835,393
1500000US131210102063,131210102063,"Block Group 3, Census Tract 102.06, Fulton County, Georgia",1343,640,22,281,170,703,129,216,102,151,497,272
1500000US131210102081,131210102081,"Block Group 1, Census Tract 102.08, Fulton County, Georgia",1799,945,290,335,108,854,286,355,119,576,690,227
1500000US131210102082,131210102082,"Block Group 2, Census Tract 102.08, Fulton County, Georgia",336,199,170,29,0,137,63,36,38,233,65,38
1500000US131210102083,131210102083,"Block Group 3, Census Tract 102.08, Fulton County, Georgia",2058,874,390,150,232,1184,333,219,508,723,369,740
1500000US131210102091,131210102091,"Block Group 1, Census Tract 102.09, Fulton County, Georgia",1206,510,250,37,0,696,346,180,0,596,217,0
1500000US131210102092,131210102092,"Block Group 2, Census Tract 102.09, Fulton County, Georgia",969,354,54,193,43,615,69,374,57,123,567,100
1500000US131210102093,131210102093,"Block Group 3, Census Tract 102.09, Fulton County, Georgia",3600,2001,1062,624,11,1599,694,562,34,1756,1186,45
1500000US131210102101,131210102101,"Block Group 1, Census Tract 102.10, Fulton County, Georgia",1534,574,316,154,26,960,487,218,71,803,372,97
1500000US131210102102,131210102102,"Block Group 2, Census Tract 102.10, Fulton County, Georgia",2304,1153,423,406,139,1151,287,371,206,710,777,345
1500000US131210102103,131210102103,"Block Group 3, Census Tract 102.10, Fulton County, Georgia",1950,881,295,202,138,1069,345,340,125,640,542,263
1500000US131210102111,131210102111,"Block Group 1, Census Tract 102.11, Fulton County, Georgia",1227,511,65,238,75,716,107,306,68,172,544,143
1500000US131210102112,131210102112,"Block Group 2, Census Tract 102.11, Fulton County, Georgia",2030,1028,246,439,74,1002,198,383,165,444,822,239
1500000US131210102121,131210102121,"Block Group 1, Census Tract 102.12, Fulton County, Georgia",1999,1053,346,311,16,946,354,168,82,700,479,98
1500000US131210102122,131210102122,"Block Group 2, Census Tract 102.12, Fulton County, Georgia",773,342,0,169,62,431,61,212,83,61,381,145
1500000US131210102123,131210102123,"Block Group 3, Census Tract 102.12, Fulton County, Georgia",2256,1001,388,376,57,1255,531,371,127,919,747,184
1500000US131210103011,131210103011,"Block Group 1, Census Tract 103.01, Fulton County, Georgia",9800,4299,1073,1293,311,5501,1684,1787,502,2757,3080,813
1500000US131210103012,131210103012,"Block Group 2, Census Tract 103.01, Fulton County, Georgia",6419,2854,870,622,260,3565,1055,1026,318,1925,1648,578
1500000US131210103031,131210103031,"Block Group 1, Census Tract 103.03, Fulton County, Georgia",3107,1390,434,389,230,1717,432,461,380,866,850,610
1500000US131210103032,131210103032,"Block Group 2, Census Tract 103.03, Fulton County, Georgia",6387,3015,961,930,181,3372,906,1204,247,1867,2134,428
1500000US131210104001,131210104001,"Block Group 1, Census Tract 104, Fulton County, Georgia",1756,978,272,376,124,778,229,291,159,501,667,283
1500000US131210104002,131210104002,"Block Group 2, Census Tract 104, Fulton County, Georgia",1514,848,121,354,144,666,192,197,155,313,551,299
1500000US131210104003,131210104003,"Block Group 3, Census Tract 104, Fulton County, Georgia",3896,1873,518,414,97,2023,636,661,106,1154,1075,203
1500000US131210104004,131210104004,"Block Group 4, Census Tract 104, Fulton County, Georgia",1297,694,186,223,77,603,155,144,152,341,367,229
1500000US131210105071,131210105071,"Block Group 1, Census Tract 105.07, Fulton County, Georgia",3164,1417,274,494,163,1747,363,499,237,637,993,400
1500000US131210105072,131210105072,"Block Group 2, Census Tract 105.07, Fulton County, Georgia",1068,563,240,233,0,505,211,161,40,451,394,40
1500000US131210105073,131210105073,"Block Group 3, Census Tract 105.07, Fulton County, Georgia",2146,987,559,84,0,1159,484,222,12,1043,306,12
1500000US131210105074,131210105074,"Block Group 4, Census Tract 105.07, Fulton County, Georgia",2021,1114,543,192,87,907,211,378,123,754,570,210
1500000US131210105081,131210105081,"Block Group 1, Census Tract 105.08, Fulton County, Georgia",4009,1807,556,550,195,2202,537,664,300,1093,1214,495
1500000US131210105101,131210105101,"Block Group 1, Census Tract 105.10, Fulton County, Georgia",3040,1458,549,253,40,1582,426,456,247,975,709,287
1500000US131210105102,131210105102,"Block Group 2, Census Tract 105.10, Fulton County, Georgia",1265,532,47,56,137,733,159,160,202,206,216,339
1500000US131210105103,131210105103,"Block Group 3, Census Tract 105.10, Fulton County, Georgia",9378,4344,1544,1475,78,5034,1761,1636,327,3305,3111,405
1500000US131210105104,131210105104,"Block Group 4, Census Tract 105.10, Fulton County, Georgia",2152,826,281,353,43,1326,178,655,229,459,1008,272
1500000US131210105111,131210105111,"Block Group 1, Census Tract 105.11, Fulton County, Georgia",1883,1004,307,362,94,879,284,423,74,591,785,168
1500000US131210105112,131210105112,"Block Group 2, Census Tract 105.11, Fulton County, Georgia",5839,2598,875,677,42,3241,1174,913,225,2049,1590,267
1500000US131210105113,131210105113,"Block Group 3, Census Tract 105.11, Fulton County, Georgia",611,263,44,72,64,348,82,122,58,126,194,122
1500000US131210105121,131210105121,"Block Group 1, Census Tract 105.12, Fulton County, Georgia",3387,1392,550,156,0,1995,994,240,0,1544,396,0
1500000US131210105122,131210105122,"Block Group 2, Census Tract 105.12, Fulton County, Georgia",1042,401,134,146,10,641,84,308,67,218,454,77
1500000US131210105123,131210105123,"Block Group 3, Census Tract 105.12, Fulton County, Georgia",2220,933,314,274,57,1287,501,225,109,815,499,166
1500000US131210105131,131210105131,"Block Group 1, Census Tract 105.13, Fulton County, Georgia",4628,2126,954,569,28,2502,940,824,244,1894,1393,272
1500000US131210105132,131210105132,"Block Group 2, Census Tract 105.13, Fulton County, Georgia",3191,1301,526,276,67,1890,620,727,98,1146,1003,165
1500000US131210105133,131210105133,"Block Group 3, Census Tract 105.13, Fulton County, Georgia",5218,2392,959,719,167,2826,802,1135,152,1761,1854,319
1500000US131210105141,131210105141,"Block Group 1, Census Tract 105.14, Fulton County, Georgia",4227,1863,473,441,81,2364,862,779,288,1335,1220,369
1500000US131210105142,131210105142,"Block Group 2, Census Tract 105.14, Fulton County, Georgia",4389,2094,537,868,154,2295,638,980,147,1175,1848,301
1500000US131210105143,131210105143,"Block Group 3, Census Tract 105.14, Fulton County, Georgia",3189,949,209,365,133,2240,867,390,202,1076,755,335
1500000US131210105151,131210105151,"Block Group 1, Census Tract 105.15, Fulton County, Georgia",4809,1979,703,545,172,2830,822,771,552,1525,1316,724
1500000US131210105161,131210105161,"Block Group 1, Census Tract 105.16, Fulton County, Georgia",2719,1191,344,508,137,1528,533,501,202,877,1009,339
1500000US131210105162,131210105162,"Block Group 2, Census Tract 105.16, Fulton County, Georgia",3837,1907,726,460,73,1930,728,748,143,1454,1208,216
1500000US131210105163,131210105163,"Block Group 3, Census Tract 105.16, Fulton County, Georgia",2377,897,174,289,57,1480,376,356,54,550,645,111
1500000US131210106011,131210106011,"Block Group 1, Census Tract 106.01, Fulton County, Georgia",1242,687,154,346,29,555,202,220,37,356,566,66
1500000US131210106012,131210106012,"Block Group 2, Census Tract 106.01, Fulton County, Georgia",1078,474,25,165,56,604,309,85,40,334,250,96
1500000US131210106013,131210106013,"Block Group 3, Census Tract 106.01, Fulton County, Georgia",486,184,34,82,21,302,78,94,66,112,176,87
1500000US131210106014,131210106014,"Block Group 4, Census Tract 106.01, Fulton County, Georgia",781,360,48,214,41,421,119,188,20,167,402,61
1500000US131210106031,131210106031,"Block Group 1, Census Tract 106.03, Fulton County, Georgia",833,438,124,26,42,395,178,102,0,302,128,42
1500000US131210106032,131210106032,"Block Group 2, Census Tract 106.03, Fulton County, Georgia",2224,1023,293,348,68,1201,619,264,101,912,612,169
1500000US131210106033,131210106033,"Block Group 3, Census Tract 106.03, Fulton County, Georgia",752,299,105,10,0,453,187,81,0,292,91,0
1500000US131210106041,131210106041,"Block Group 1, Census Tract 106.04, Fulton County, Georgia",639,369,173,181,0,270,190,33,34,363,214,34
1500000US131210106042,131210106042,"Block Group 2, Census Tract 106.04, Fulton County, Georgia",223,139,51,46,0,84,16,47,0,67,93,0
1500000US131210106043,131210106043,"Block Group 3, Census Tract 106.04, Fulton County, Georgia",1901,795,228,253,74,1106,420,252,155,648,505,229
1500000US131210108001,131210108001,"Block Group 1, Census Tract 108, Fulton County, Georgia",537,237,75,70,32,300,94,31,63,169,101,95
1500000US131210108002,131210108002,"Block Group 2, Census Tract 108, Fulton County, Georgia",1007,391,130,232,0,616,142,178,16,272,410,16
1500000US131210108003,131210108003,"Block Group 3, Census Tract 108, Fulton County, Georgia",2013,1191,387,441,68,822,316,304,47,703,745,115
1500000US131210108004,131210108004,"Block Group 4, Census Tract 108, Fulton County, Georgia",1428,513,78,117,30,915,363,225,33,441,342,63
1500000US131210108005,131210108005,"Block Group 5, Census Tract 108, Fulton County, Georgia",355,217,31,186,0,138,28,96,14,59,282,14
1500000US131210108006,131210108006,"Block Group 6, Census Tract 108, Fulton County, Georgia",1309,781,320,199,132,528,186,229,84,506,428,216
1500000US131210110001,131210110001,"Block Group 1, Census Tract 110, Fulton County, Georgia",682,264,104,69,48,418,89,92,83,193,161,131
1500000US131210110002,131210110002,"Block Group 2, Census Tract 110, Fulton County, Georgia",1076,539,74,39,25,537,177,154,43,251,193,68
1500000US131210110003,131210110003,"Block Group 3, Census Tract 110, Fulton County, Georgia",931,508,181,140,40,423,111,185,64,292,325,104
1500000US131210110004,131210110004,"Block Group 4, Census Tract 110, Fulton County, Georgia",408,328,156,118,12,80,8,59,13,164,177,25
1500000US131210111001,131210111001,"Block Group 1, Census Tract 111, Fulton County, Georgia",658,335,54,223,46,323,76,152,48,130,375,94
1500000US131210111002,131210111002,"Block Group 2, Census Tract 111, Fulton County, Georgia",1100,662,162,368,51,438,65,220,56,227,588,107
1500000US131210111003,131210111003,"Block Group 3, Census Tract 111, Fulton County, Georgia",551,229,35,160,18,322,110,170,42,145,330,60
1500000US131210112011,131210112011,"Block Group 1, Census Tract 112.01, Fulton County, Georgia",1422,525,224,100,14,897,440,293,70,664,393,84
1500000US131210112012,131210112012,"Block Group 2, Census Tract 112.01, Fulton County, Georgia",1286,550,169,147,82,736,278,204,13,447,351,95
1500000US131210112013,131210112013,"Block Group 3, Census Tract 112.01, Fulton County, Georgia",1458,729,368,179,71,729,273,166,81,641,345,152
1500000US131210112021,131210112021,"Block Group 1, Census Tract 112.02, Fulton County, Georgia",388,186,37,129,0,202,70,63,41,107,192,41
1500000US131210112022,131210112022,"Block Group 2, Census Tract 112.02, Fulton County, Georgia",568,260,28,166,21,308,45,100,64,73,266,85
1500000US131210112023,131210112023,"Block Group 3, Census Tract 112.02, Fulton County, Georgia",1052,583,229,181,26,469,195,157,12,424,338,38
1500000US131210112024,131210112024,"Block Group 4, Census Tract 112.02, Fulton County, Georgia",698,368,121,139,18,330,129,145,8,250,284,26
1500000US131210112025,131210112025,"Block Group 5, Census Tract 112.02, Fulton County, Georgia",1465,770,312,167,48,695,135,281,59,447,448,107
1500000US131210112026,131210112026,"Block Group 6, Census Tract 112.02, Fulton County, Georgia",699,337,67,51,64,362,147,99,45,214,150,109
1500000US131210113011,131210113011,"Block Group 1, Census Tract 113.01, Fulton County, Georgia",733,200,44,49,68,533,125,248,104,169,297,172
1500000US131210113012,131210113012,"Block Group 2, Census Tract 113.01, Fulton County, Georgia",512,195,65,89,20,317,157,106,54,222,195,74
1500000US131210113013,131210113013,"Block Group 3, Census Tract 113.01, Fulton County, Georgia",296,143,0,62,46,153,76,31,46,76,93,92
1500000US131210113014,131210113014,"Block Group 4, Census Tract 113.01, Fulton County, Georgia",1242,660,234,279,40,582,167,257,79,401,536,119
1500000US131210113015,131210113015,"Block Group 5, Census Tract 113.01, Fulton County, Georgia",701,321,66,121,51,380,76,109,94,142,230,145
1500000US131210113016,131210113016,"Block Group 6, Census Tract 113.01, Fulton County, Georgia",985,503,209,157,87,482,184,116,69,393,273,156
1500000US131210113031,131210113031,"Block Group 1, Census Tract 113.03, Fulton County, Georgia",3749,1652,566,487,243,2097,978,598,225,1544,1085,468
1500000US131210113032,131210113032,"Block Group 2, Census Tract 113.03, Fulton County, Georgia",1139,636,100,170,56,503,188,137,85,288,307,141
1500000US131210113033,131210113033,"Block Group 3, Census Tract 113.03, Fulton County, Georgia",500,342,80,161,32,158,53,67,23,133,228,55
1500000US131210113034,131210113034,"Block Group 4, Census Tract 113.03, Fulton County, Georgia",613,281,60,32,36,332,147,17,23,207,49,59
1500000US131210113035,131210113035,"Block Group 5, Census Tract 113.03, Fulton County, Georgia",3109,1407,588,469,65,1702,377,534,148,965,1003,213
1500000US131210113051,131210113051,"Block Group 1, Census Tract 113.05, Fulton County, Georgia",1129,534,177,240,32,595,168,144,55,345,384,87
1500000US131210113052,131210113052,"Block Group 2, Census Tract 113.05, Fulton County, Georgia",2369,953,507,204,34,1416,551,272,58,1058,476,92
1500000US131210113053,131210113053,"Block Group 3, Census Tract 113.05, Fulton County, Georgia",1645,792,206,259,53,853,331,247,27,537,506,80
1500000US131210113061,131210113061,"Block Group 1, Census Tract 113.06, Fulton County, Georgia",1307,695,291,170,16,612,292,168,25,583,338,41
1500000US131210113062,131210113062,"Block Group 2, Census Tract 113.06, Fulton County, Georgia",1129,534,54,197,106,595,153,253,87,207,450,193
1500000US131210114051,131210114051,"Block Group 1, Census Tract 114.05, Fulton County, Georgia",1771,755,341,218,134,1016,334,347,135,675,565,269
1500000US131210114052,131210114052,"Block Group 2, Census Tract 114.05, Fulton County, Georgia",1036,559,112,195,57,477,127,254,26,239,449,83
1500000US131210114053,131210114053,"Block Group 3, Census Tract 114.05, Fulton County, Georgia",2344,1586,757,500,130,758,226,305,85,983,805,215
1500000US131210114054,131210114054,"Block Group 4, Census Tract 114.05, Fulton County, Georgia",2735,1517,660,444,9,1218,574,119,70,1234,563,79
1500000US131210114101,131210114101,"Block Group 1, Census Tract 114.10, Fulton County, Georgia",2514,1289,307,554,157,1225,238,345,243,545,899,400
1500000US131210114102,131210114102,"Block Group 2, Census Tract 114.10, Fulton County, Georgia",2106,881,115,388,194,1225,262,529,275,377,917,469
1500000US131210114103,131210114103,"Block Group 3, Census Tract 114.10, Fulton County, Georgia",2076,983,79,564,156,1093,247,428,175,326,992,331
1500000US131210114111,131210114111,"Block Group 1, Census Tract 114.11, Fulton County, Georgia",2605,1284,310,476,189,1321,390,451,138,700,927,327
1500000US131210114112,131210114112,"Block Group 2, Census Tract 114.11, Fulton County, Georgia",765,341,76,70,151,424,65,169,146,141,239,297
1500000US131210114113,131210114113,"Block Group 3, Census Tract 114.11, Fulton County, Georgia",2666,1483,814,297,32,1183,547,370,16,1361,667,48
1500000US131210114114,131210114114,"Block Group 4, Census Tract 114.11, Fulton County, Georgia",1001,578,75,177,177,423,31,141,130,106,318,307
1500000US131210114115,131210114115,"Block Group 5, Census Tract 114.11, Fulton County, Georgia",1359,505,56,198,105,854,378,306,42,434,504,147
1500000US131210114121,131210114121,"Block Group 1, Census Tract 114.12, Fulton County, Georgia",4063,2074,635,755,186,1989,646,803,193,1281,1558,379
1500000US131210114122,131210114122,"Block Group 2, Census Tract 114.12, Fulton County, Georgia",1924,817,241,361,26,1107,371,431,46,612,792,72
1500000US131210114123,131210114123,"Block Group 3, Census Tract 114.12, Fulton County, Georgia",3327,1660,620,544,27,1667,479,607,97,1099,1151,124
1500000US131210114141,131210114141,"Block Group 1, Census Tract 114.14, Fulton County, Georgia",2174,1385,676,250,0,789,442,166,23,1118,416,23
1500000US131210114142,131210114142,"Block Group 2, Census Tract 114.14, Fulton County, Georgia",1251,690,226,164,33,561,175,178,16,401,342,49
1500000US131210114143,131210114143,"Block Group 3, Census Tract 114.14, Fulton County, Georgia",1970,976,88,431,157,994,183,506,82,271,937,239
1500000US131210114144,131210114144,"Block Group 4, Census Tract 114.14, Fulton County, Georgia",2148,1030,460,286,54,1118,472,410,59,932,696,113
1500000US131210114161,131210114161,"Block Group 1, Census Tract 114.16, Fulton County, Georgia",1984,1082,191,489,190,902,194,412,111,385,901,301
1500000US131210114162,131210114162,"Block Group 2, Census Tract 114.16, Fulton County, Georgia",2187,1071,219,333,140,1116,224,435,222,443,768,362
1500000US131210114163,131210114163,"Block Group 3, Census Tract 114.16, Fulton County, Georgia",1085,469,27,230,78,616,134,216,114,161,446,192
1500000US131210114171,131210114171,"Block Group 1, Census Tract 114.17, Fulton County, Georgia",1021,508,67,232,120,513,96,139,210,163,371,330
1500000US131210114172,131210114172,"Block Group 2, Census Tract 114.17, Fulton County, Georgia",1527,624,63,166,324,903,139,273,371,202,439,695
1500000US131210114173,131210114173,"Block Group 3, Census Tract 114.17, Fulton County, Georgia",1639,673,271,179,58,966,279,294,153,550,473,211
1500000US131210114174,131210114174,"Block Group 4, Census Tract 114.17, Fulton County, Georgia",609,293,73,113,32,316,80,89,95,153,202,127
1500000US131210114181,131210114181,"Block Group 1, Census Tract 114.18, Fulton County, Georgia",854,472,75,208,49,382,115,197,23,190,405,72
1500000US131210114182,131210114182,"Block Group 2, Census Tract 114.18, Fulton County, Georgia",511,223,68,75,30,288,16,252,0,84,327,30
1500000US131210114183,131210114183,"Block Group 3, Census Tract 114.18, Fulton County, Georgia",1134,524,72,231,91,610,75,213,86,147,444,177
1500000US131210114184,131210114184,"Block Group 4, Census Tract 114.18, Fulton County, Georgia",3810,1952,344,732,366,1858,380,745,435,724,1477,801
1500000US131210114191,131210114191,"Block Group 1, Census Tract 114.19, Fulton County, Georgia",1484,713,149,280,116,771,187,203,160,336,483,276
1500000US131210114192,131210114192,"Block Group 2, Census Tract 114.19, Fulton County, Georgia",1919,872,66,439,195,1047,89,631,145,155,1070,340
1500000US131210114193,131210114193,"Block Group 3, Census Tract 114.19, Fulton County, Georgia",2235,1047,177,372,197,1188,246,442,318,423,814,515
1500000US131210114201,131210114201,"Block Group 1, Census Tract 114.20, Fulton County, Georgia",1576,842,478,209,0,734,314,185,14,792,394,14
1500000US131210114202,131210114202,"Block Group 2, Census Tract 114.20, Fulton County, Georgia",3989,2402,922,565,23,1587,501,370,12,1423,935,35
1500000US131210114203,131210114203,"Block Group 3, Census Tract 114.20, Fulton County, Georgia",2261,1252,536,287,9,1009,398,235,31,934,522,40
1500000US131210114211,131210114211,"Block Group 1, Census Tract 114.21, Fulton County, Georgia",2274,1074,483,310,77,1200,419,475,68,902,785,145
1500000US131210114212,131210114212,"Block Group 2, Census Tract 114.21, Fulton County, Georgia",1569,852,288,213,0,717,329,175,27,617,388,27
1500000US131210114221,131210114221,"Block Group 1, Census Tract 114.22, Fulton County, Georgia",3156,1556,461,481,138,1600,484,581,242,945,1062,380
1500000US131210114222,131210114222,"Block Group 2, Census Tract 114.22, Fulton County, Georgia",1043,482,48,246,51,561,74,329,67,122,575,118
1500000US131210114231,131210114231,"Block Group 1, Census Tract 114.23, Fulton County, Georgia",1110,597,120,216,51,513,173,235,42,293,451,93
1500000US131210114232,131210114232,"Block Group 2, Census Tract 114.23, Fulton County, Georgia",1495,793,137,319,113,702,186,326,103,323,645,216
1500000US131210114233,131210114233,"Block Group 3, Census Tract 114.23, Fulton County, Georgia",1427,764,109,352,48,663,99,325,87,208,677,135
1500000US131210114234,131210114234,"Block Group 4, Census Tract 114.23, Fulton County, Georgia",962,527,182,103,47,435,165,94,40,347,197,87
1500000US131210114241,131210114241,"Block Group 1, Census Tract 114.24, Fulton County, Georgia",3680,1982,387,712,286,1698,263,828,192,650,1540,478
1500000US131210114242,131210114242,"Block Group 2, Census Tract 114.24, Fulton County, Georgia",1995,939,342,335,116,1056,333,388,217,675,723,333
1500000US131210114251,131210114251,"Block Group 1, Census Tract 114.25, Fulton County, Georgia",2279,897,112,521,133,1382,212,543,61,324,1064,194
1500000US131210114252,131210114252,"Block Group 2, Census Tract 114.25, Fulton County, Georgia",3037,1406,247,608,162,1631,302,727,146,549,1335,308
1500000US131210114253,131210114253,"Block Group 3, Census Tract 114.25, Fulton County, Georgia",1922,964,222,457,112,958,83,450,86,305,907,198
1500000US131210114261,131210114261,"Block Group 1, Census Tract 114.26, Fulton County, Georgia",2555,1313,251,430,68,1242,328,580,82,579,1010,150
1500000US131210114271,131210114271,"Block Group 1, Census Tract 114.27, Fulton County, Georgia",2468,1055,317,374,29,1413,382,376,162,699,750,191
1500000US131210114272,131210114272,"Block Group 2, Census Tract 114.27, Fulton County, Georgia",3025,1383,371,587,40,1642,472,566,217,843,1153,257
1500000US131210114273,131210114273,"Block Group 3, Census Tract 114.27, Fulton County, Georgia",2309,1098,153,535,212,1211,206,595,225,359,1130,437
1500000US131210115031,131210115031,"Block Group 1, Census Tract 115.03, Fulton County, Georgia",2036,972,129,529,33,1064,225,460,46,354,989,79
1500000US131210115032,131210115032,"Block Group 2, Census Tract 115.03, Fulton County, Georgia",2095,1058,193,390,152,1037,137,442,139,330,832,291
1500000US131210115033,131210115033,"Block Group 3, Census Tract 115.03, Fulton County, Georgia",5914,2690,300,1334,233,3224,660,1108,290,960,2442,523
1500000US131210115041,131210115041,"Block Group 1, Census Tract 115.04, Fulton County, Georgia",3411,1855,401,692,161,1556,376,770,144,777,1462,305
1500000US131210115042,131210115042,"Block Group 2, Census Tract 115.04, Fulton County, Georgia",2225,1276,177,514,87,949,156,437,85,333,951,172
1500000US131210115043,131210115043,"Block Group 3, Census Tract 115.04, Fulton County, Georgia",4255,2063,236,848,225,2192,352,920,203,588,1768,428
1500000US131210115044,131210115044,"Block Group 4, Census Tract 115.04, Fulton County, Georgia",2930,1568,187,686,155,1362,120,634,160,307,1320,315
1500000US131210115051,131210115051,"Block Group 1, Census Tract 115.05, Fulton County, Georgia",2664,1353,200,562,107,1311,201,542,107,401,1104,214
1500000US131210115052,131210115052,"Block Group 2, Census Tract 115.05, Fulton County, Georgia",1967,827,33,504,88,1140,232,481,148,265,985,236
1500000US131210115061,131210115061,"Block Group 1, Census Tract 115.06, Fulton County, Georgia",1953,1063,82,568,74,890,109,428,139,191,996,213
1500000US131210115062,131210115062,"Block Group 2, Census Tract 115.06, Fulton County, Georgia",2790,1224,164,573,170,1566,214,608,262,378,1181,432
1500000US131210115063,131210115063,"Block Group 3, Census Tract 115.06, Fulton County, Georgia",1594,874,212,339,120,720,179,360,71,391,699,191
1500000US131210116101,131210116101,"Block Group 1, Census Tract 116.10, Fulton County, Georgia",2822,1411,274,545,189,1411,216,545,138,490,1090,327
1500000US131210116102,131210116102,"Block Group 2, Census Tract 116.10, Fulton County, Georgia",3028,1710,526,585,88,1318,309,553,112,835,1138,200
1500000US131210116111,131210116111,"Block Group 1, Census Tract 116.11, Fulton County, Georgia",2665,1182,509,274,88,1483,585,434,242,1094,708,330
1500000US131210116112,131210116112,"Block Group 2, Census Tract 116.11, Fulton County, Georgia",1395,628,55,238,97,767,121,262,188,176,500,285
1500000US131210116113,131210116113,"Block Group 3, Census Tract 116.11, Fulton County, Georgia",3137,1683,836,375,278,1454,389,306,280,1225,681,558
1500000US131210116121,131210116121,"Block Group 1, Census Tract 116.12, Fulton County, Georgia",2534,1230,149,544,212,1304,82,589,280,231,1133,492
1500000US131210116122,131210116122,"Block Group 2, Census Tract 116.12, Fulton County, Georgia",847,352,54,80,163,495,73,139,209,127,219,372
1500000US131210116131,131210116131,"Block Group 1, Census Tract 116.13, Fulton County, Georgia",3677,1656,500,633,126,2021,713,758,72,1213,1391,198
1500000US131210116132,131210116132,"Block Group 2, Census Tract 116.13, Fulton County, Georgia",3242,1671,434,596,88,1571,474,652,73,908,1248,161
1500000US131210116141,131210116141,"Block Group 1, Census Tract 116.14, Fulton County, Georgia",2896,1338,538,405,63,1558,659,454,105,1197,859,168
1500000US131210116142,131210116142,"Block Group 2, Census Tract 116.14, Fulton County, Georgia",5129,2411,859,572,187,2718,1121,820,97,1980,1392,284
1500000US131210116143,131210116143,"Block Group 3, Census Tract 116.14, Fulton County, Georgia",6452,3295,993,1127,243,3157,1279,678,400,2272,1805,643
1500000US131210116151,131210116151,"Block Group 1, Census Tract 116.15, Fulton County, Georgia",3881,1626,162,818,201,2255,396,809,227,558,1627,428
1500000US131210116152,131210116152,"Block Group 2, Census Tract 116.15, Fulton County, Georgia",2023,975,142,618,53,1048,165,450,57,307,1068,110
1500000US131210116153,131210116153,"Block Group 3, Census Tract 116.15, Fulton County, Georgia",4074,2048,399,774,102,2026,533,728,335,932,1502,437
1500000US131210116161,131210116161,"Block Group 1, Census Tract 116.16, Fulton County, Georgia",2068,1030,386,420,33,1038,392,353,85,778,773,118
1500000US131210116162,131210116162,"Block Group 2, Census Tract 116.16, Fulton County, Georgia",1696,905,399,263,0,791,213,378,25,612,641,25
1500000US131210116163,131210116163,"Block Group 3, Census Tract 116.16, Fulton County, Georgia",1180,448,167,39,32,732,164,362,84,331,401,116
1500000US131210116171,131210116171,"Block Group 1, Census Tract 116.17, Fulton County, Georgia",2625,1305,187,660,70,1320,268,653,96,455,1313,166
1500000US131210116172,131210116172,"Block Group 2, Census Tract 116.17, Fulton County, Georgia",2447,1194,303,351,259,1253,254,402,352,557,753,611
1500000US131210116173,131210116173,"Block Group 3, Census Tract 116.17, Fulton County, Georgia",2606,1340,376,643,59,1266,277,604,27,653,1247,86
1500000US131210116181,131210116181,"Block Group 1, Census Tract 116.18, Fulton County, Georgia",4426,2231,567,794,45,2195,598,831,172,1165,1625,217
1500000US131210116191,131210116191,"Block Group 1, Census Tract 116.19, Fulton County, Georgia",2791,1605,633,207,0,1186,711,62,50,1344,269,50
1500000US131210116192,131210116192,"Block Group 2, Census Tract 116.19, Fulton County, Georgia",2382,1219,538,338,30,1163,369,466,31,907,804,61
1500000US131210116193,131210116193,"Block Group 3, Census Tract 116.19, Fulton County, Georgia",3221,1416,390,566,103,1805,436,524,95,826,1090,198
1500000US131210116201,131210116201,"Block Group 1, Census Tract 116.20, Fulton County, Georgia",3201,1635,338,504,109,1566,409,432,117,747,936,226
1500000US131210116202,131210116202,"Block Group 2, Census Tract 116.20, Fulton County, Georgia",4329,2418,571,928,108,1911,308,1041,82,879,1969,190
1500000US131210116203,131210116203,"Block Group 3, Census Tract 116.20, Fulton County, Georgia",3104,1674,590,616,85,1430,429,482,173,1019,1098,258
1500000US131210116211,131210116211,"Block Group 1, Census Tract 116.21, Fulton County, Georgia",828,458,265,75,0,370,148,46,104,413,121,104
1500000US131210116212,131210116212,"Block Group 2, Census Tract 116.21, Fulton County, Georgia",2359,1139,221,550,107,1220,268,430,130,489,980,237
1500000US131210116213,131210116213,"Block Group 3, Census Tract 116.21, Fulton County, Georgia",4031,2140,323,869,47,1891,267,1040,49,590,1909,96
1500000US131210116221,131210116221,"Block Group 1, Census Tract 116.22, Fulton County, Georgia",3922,1858,419,838,30,2064,457,899,61,876,1737,91
1500000US131210116222,131210116222,"Block Group 2, Census Tract 116.22, Fulton County, Georgia",3196,1657,174,725,232,1539,212,762,140,386,1487,372
1500000US131210116223,131210116223,"Block Group 3, Census Tract 116.22, Fulton County, Georgia",2896,1395,311,731,53,1501,304,549,95,615,1280,148
1500000US131210116231,131210116231,"Block Group 1, Census Tract 116.23, Fulton County, Georgia",3451,1905,738,703,0,1546,380,688,67,1118,1391,67
1500000US131210116232,131210116232,"Block Group 2, Census Tract 116.23, Fulton County, Georgia",4570,2270,350,1018,241,2300,568,982,263,918,2000,504
1500000US131210116233,131210116233,"Block Group 3, Census Tract 116.23, Fulton County, Georgia",1035,412,88,203,23,623,82,236,95,170,439,118
1500000US131210116234,131210116234,"Block Group 4, Census Tract 116.23, Fulton County, Georgia",2945,1403,317,601,52,1542,230,706,64,547,1307,116
1500000US131210116241,131210116241,"Block Group 1, Census Tract 116.24, Fulton County, Georgia",2535,1359,251,590,54,1176,165,719,8,416,1309,62
1500000US131210116242,131210116242,"Block Group 2, Census Tract 116.24, Fulton County, Georgia",1766,840,98,423,16,926,147,401,27,245,824,43
1500000US131210116251,131210116251,"Block Group 1, Census Tract 116.25, Fulton County, Georgia",2646,1105,190,384,105,1541,430,539,134,620,923,239
1500000US131210116252,131210116252,"Block Group 2, Census Tract 116.25, Fulton County, Georgia",2011,1032,222,466,14,979,239,397,134,461,863,148
1500000US131210116253,131210116253,"Block Group 3, Census Tract 116.25, Fulton County, Georgia",2937,1461,312,629,28,1476,231,656,151,543,1285,179
1500000US131210116261,131210116261,"Block Group 1, Census Tract 116.26, Fulton County, Georgia",5100,2437,451,1013,29,2663,526,1005,174,977,2018,203
1500000US131210116262,131210116262,"Block Group 2, Census Tract 116.26, Fulton County, Georgia",4199,2072,585,731,72,2127,705,703,94,1290,1434,166
1500000US131210118001,131210118001,"Block Group 1, Census Tract 118, Fulton County, Georgia",290,182,106,76,0,108,76,0,22,182,76,22
1500000US131210118002,131210118002,"Block Group 2, Census Tract 118, Fulton County, Georgia",1894,779,487,148,23,1115,811,120,48,1298,268,71
1500000US131210118003,131210118003,"Block Group 3, Census Tract 118, Fulton County, Georgia",708,348,231,63,17,360,235,26,0,466,89,17
1500000US131210119001,131210119001,"Block Group 1, Census Tract 119, Fulton County, Georgia",1174,599,278,219,17,575,309,131,86,587,350,103
1500000US131210119002,131210119002,"Block Group 2, Census Tract 119, Fulton County, Georgia",1992,1113,771,188,112,879,641,107,131,1412,295,243
1500000US131210120001,131210120001,"Block Group 1, Census Tract 120, Fulton County, Georgia",1383,736,280,353,10,647,295,202,25,575,555,35
1500000US131210120002,131210120002,"Block Group 2, Census Tract 120, Fulton County, Georgia",1386,681,278,231,59,705,241,257,69,519,488,128
1500000US131210123001,131210123001,"Block Group 1, Census Tract 123, Fulton County, Georgia",974,594,265,245,44,380,70,264,22,335,509,66
1500000US131210123002,131210123002,"Block Group 2, Census Tract 123, Fulton County, Georgia",834,425,145,134,27,409,151,120,95,296,254,122
1500000US131210123003,131210123003,"Block Group 3, Census Tract 123, Fulton County, Georgia",656,319,99,139,8,337,147,127,16,246,266,24
